# $SPEC_ID:
# No sample description was entered.
# $SPEC_REM:
# DET# 1
# DETDESC# MYON MCB 337
# AP# Maestro Version 6.06
# $DATE_MEA:
# 07/04/2022 12:35:19
# $MEAS_TIM:
# 272272 272273
# $DATA:
# 0 511
       0
       0
       0
       0
     116
     128
     134
     135
     141
     125
     134
     113
     137
     114
     129
     128
     118
     117
     124
     137
     109
     147
     127
     121
     122
     119
      94
     124
     113
      97
     118
      95
     103
     100
     115
      90
      99
      93
     114
     117
      86
      86
      83
      88
     102
      93
      74
      77
      70
      89
      84
      69
      89
      89
      93
      66
      63
      64
      68
      81
      78
      73
      75
      62
      90
      81
      60
      59
      65
      45
      80
      65
      67
      72
      60
      65
      67
      54
      71
      55
      53
      51
      70
      49
      57
      56
      46
      55
      62
      61
      60
      44
      59
      58
      53
      60
      57
      45
      48
      67
      53
      44
      54
      40
      44
      49
      49
      50
      42
      41
      50
      44
      37
      38
      56
      33
      44
      59
      33
      44
      53
      42
      41
      44
      42
      37
      39
      33
      41
      33
      40
      45
      33
      33
      33
      38
      34
      29
      38
      32
      42
      40
      29
      30
      33
      28
      31
      32
      20
      31
      27
      23
      28
      38
      33
      31
      28
      21
      25
      30
      25
      33
      20
      21
      27
      23
      27
      22
      21
      33
      25
      19
      25
      30
      25
      24
      18
      19
      20
      16
      18
      18
      19
      24
      31
      30
      22
      22
      18
      24
      13
      15
      12
      25
      13
      19
      21
      18
      16
      18
      24
      14
      13
      15
      19
      18
      20
      22
      22
      17
      13
      20
      15
      14
      15
      17
      17
      11
      14
      13
      15
      21
      21
      12
      16
      17
      14
      18
      10
      14
      11
      15
      17
      16
      13
      10
      17
      18
      16
       9
      20
      14
      14
      22
      12
      19
      15
      15
      15
      11
      14
      13
      14
      17
      12
      12
       9
      12
      11
      10
       9
      25
       8
      13
       5
      16
      18
       9
       9
      10
       4
      13
      11
       8
       7
      15
       9
      14
       8
       6
       9
       6
       4
      12
       5
       6
      11
       7
      14
       4
       8
      10
      13
       4
       6
       9
       2
       6
      11
      10
      10
       7
      13
       9
       4
       5
      13
       5
       6
       7
       6
       8
       5
       5
       3
      10
       9
      12
       9
       9
       7
       5
       8
       9
       3
       7
       7
       9
       7
       7
       3
       9
       6
       3
      11
       6
       3
       2
      10
      11
       2
      10
       2
       6
       5
       7
       4
       3
       6
       9
       8
       4
       4
       4
       4
       8
       6
       6
       5
       7
      10
       7
       7
       5
       6
       6
       3
       2
       4
       5
       6
       3
       1
       6
       8
       5
       9
       4
       3
       3
       6
       2
       7
       3
       7
       6
       2
       3
       2
       3
       1
       5
       5
       2
       4
       4
       8
       3
       6
       4
       1
       5
       3
       1
       1
       3
       5
       3
       5
       7
       8
       5
       4
       3
       1
       3
       1
       3
       3
       4
       2
       3
       3
       4
       5
       3
       4
       4
       3
       1
       1
       3
       3
       3
       4
       2
       5
       5
       3
       2
       1
       4
       2
       0
       2
       0
       0
       0
       0
       0
       0
       0
       0
       0
       0
       0
       0
       0
       0
       0
       0
       0
       0
       0
       0
       0
       0
       0
       0
       0
       0
       0
       0
       0
       0
       0
       0
       0
       0
       0
       0
       0
       0
       0
       0
       0
       0
       0
       0
       0
       0
       0
       0
       0
       0
       0
       0
       0
       0
       0
       0
       0
       0
       0
       0
       0
       0
       0
       0
       0
       0
       0
# $ROI:
# 0
# $PRESETS:
# None
# 0
# 0
# $ENER_FIT:
# -2.326062 0.088583
# $MCA_CAL:
# 3
# -2.326062E+000 8.858320E-002 -1.636990E-004 micr
# $SHAPE_CAL:
# 3
# 0.000000E+000 0.000000E+000 0.000000E+000
