       0
       0
       0
       0
       0
       0
       0
       0
       0
       0
       1
       0
       1
       3
       9
      14
       7
      13
      62
     431
     534
     508
     526
     543
     508
     528
     532
     553
     582
     595
     592
     589
     580
     628
     659
     662
     650
     678
     719
     657
     671
     701
     737
     729
     740
     701
     785
     773
     817
     868
     849
     846
     901
     835
     815
     850
     777
     789
     735
     750
     768
     789
     766
     776
     762
     714
     719
     687
     701
     695
     688
     631
     663
     646
     647
     612
     625
     665
     596
     636
     657
     612
     584
     663
     662
     637
     639
     672
     629
     629
     658
     593
     644
     636
     692
     640
     641
     605
     617
     654
     637
     628
     672
     642
     658
     666
     604
     616
     588
     576
     510
     523
     504
     475
     428
     405
     372
     362
     356
     294
     271
     304
     280
     275
     291
     253
     236
     256
     222
     257
     229
     231
     222
     275
     280
     260
     260
     261
     297
     278
     315
     318
     387
     376
     455
     595
     735
     962
    1185
    1521
    1959
    2426
    2784
    3463
    3771
    4086
    4354
    4360
    4096
    3872
    3605
    3102
    2510
    2096
    1640
    1253
     876
     601
     437
     259
     142
      88
      43
      26
      16
      15
      10
      11
       5
       7
       6
      11
       5
       7
       5
       3
       8
       7
      11
      11
       3
       6
       8
       7
       5
       3
       7
       3
      10
       2
       8
       4
       6
       4
       4
       5
       3
       5
       5
       3
       4
       5
       4
       7
       5
       1
       5
       3
       6
       0
       5
       3
       7
       7
       3
       3
       5
       4
       5
       3
       4
       3
       2
       6
       3
       4
       6
       0
       6
       2
       4
       2
       4
       4
       7
       6
       3
       5
       2
       1
       2
       2
       1
       1
       2
       4
       2
       2
       2
       1
       2
       2
       5
       4
       4
       7
       2
       5
       7
       5
       1
       0
       2
       1
       2
       2
       2
       2
       1
       2
       3
       3
       3
       3
       1
       1
       4
       1
       3
       4
       3
       1
       2
       0
       4
       0
       2
       2
       0
       0
       1
       1
       2
       2
       3
       1
       0
       5
       0
       3
       4
       1
       2
       2
       3
       2
       4
       3
       2
       3
       4
       2
       3
       7
       2
       8
       5
       2
       4
       3
       7
       6
       4
       2
       1
       0
       4
       1
       3
       1
       4
       3
       1
       1
       2
       1
       0
       1
       1
       3
       2
       1
       1
       2
       2
       1
       0
       4
       0
       0
       0
       1
       0
       1
       1
       1
       1
       0
       0
       1
       0
       0
       0
       0
       1
       1
       2
       2
       1
       0
       0
       0
       2
       0
       0
       0
       1
       0
       0
       4
       0
       0
       1
       0
       0
       0
       1
       0
       0
       1
       1
       1
       0
       0
       0
       1
       1
       3
       2
       1
       0
       0
       1
       1
       0
       1
       1
       1
       0
       1
       0
       0
       0
       2
       1
       0
       0
       1
       0
       0
       1
       0
       1
       0
       0
       0
       0
       0
       0
       1
       0
       1
       0
       0
       0
       1
       0
       2
       0
       0
       0
       0
       0
       1
       0
       0
       0
       0
       1
       1
       0
       0
       1
       0
       1
       2
       0
       0
       0
       0
       0
       0
       3
       1
       0
       1
       0
       0
       0
       0
       0
       1
       0
       1
       2
       0
       0
       0
       0
       0
       0
       0
       0
       0
       0
       0
       0
       0
       0
       0
       0
       0
       0
       0
       0
       0
       0
       0
       0
       0
       0
       0
