       0
       0
       0
       1
       0
       0
       0
       0
       0
       0
       1
       0
       0
       0
       0
       0
       2
       1
      52
     478
     535
     483
     535
     524
     535
     533
     552
     573
     536
     537
     540
     590
     562
     651
     625
     619
     609
     637
     673
     690
     679
     660
     726
     704
     724
     738
     773
     740
     758
     765
     825
     835
     818
     784
     815
     783
     738
     805
     736
     709
     661
     714
     710
     675
     652
     686
     737
     671
     670
     654
     667
     644
     670
     619
     612
     640
     622
     610
     583
     605
     618
     602
     600
     625
     648
     593
     613
     623
     595
     581
     590
     631
     581
     597
     628
     607
     604
     613
     657
     639
     574
     607
     613
     634
     653
     593
     624
     563
     547
     567
     557
     501
     460
     438
     414
     372
     342
     375
     319
     293
     264
     254
     261
     245
     233
     246
     244
     212
     264
     241
     246
     248
     222
     221
     249
     293
     243
     260
     267
     215
     267
     310
     340
     388
     461
     541
     706
     955
    1202
    1554
    1871
    2324
    2733
    3165
    3617
    3918
    3937
    4037
    4038
    3741
    3428
    2858
    2535
    1964
    1459
    1051
     828
     529
     366
     226
     140
      78
      47
      21
      19
      14
      16
       6
       7
       9
       6
       4
       5
       8
       5
      10
       5
       6
       8
       3
       6
       5
       5
       5
       7
       1
       3
       7
       6
       4
       5
       3
       4
       3
       4
       7
       6
       3
       9
       5
       4
       5
       2
       5
       5
       6
       5
       3
      10
       3
       5
       4
       5
       4
       5
       3
       1
       5
       4
       5
       7
       6
       2
       4
       5
       3
       1
       4
       5
       6
       6
       3
       2
       5
       0
       3
       2
       6
       3
       1
       2
       5
       4
       4
       4
       8
       3
       5
       3
       1
       4
       2
       1
       0
       3
       3
       2
       4
       1
       4
       0
       3
       2
       3
       4
       1
       4
       3
       2
       3
       2
       2
       3
       4
       2
       3
       1
       1
       4
       1
       2
       2
       5
       1
       4
       3
       2
       2
       3
       1
       3
       3
       2
       0
       0
       1
       1
       1
       2
       2
       1
       3
       2
       2
       1
       2
       4
       3
       4
       5
       3
       0
       1
       5
       6
       2
       3
       2
       2
       7
       8
       5
       8
       4
       1
       5
       1
       2
       2
       7
       1
       2
       3
       4
       3
       0
       0
       2
       1
       3
       1
       0
       0
       1
       2
       1
       1
       0
       0
       0
       1
       1
       0
       1
       1
       0
       1
       1
       0
       0
       1
       2
       0
       1
       0
       0
       1
       0
       2
       0
       2
       0
       0
       2
       1
       2
       2
       1
       1
       3
       2
       0
       0
       0
       0
       0
       0
       0
       2
       2
       0
       1
       1
       0
       1
       0
       0
       0
       0
       0
       0
       0
       0
       1
       1
       0
       0
       0
       3
       0
       1
       0
       0
       0
       3
       0
       1
       0
       0
       2
       1
       0
       0
       1
       1
       0
       1
       0
       0
       2
       0
       0
       1
       1
       0
       0
       1
       0
       1
       1
       0
       0
       1
       2
       0
       1
       1
       0
       0
       1
       0
       0
       0
       0
       0
       0
       2
       0
       1
       2
       0
       0
       0
       0
       1
       0
       0
       0
       0
       1
       1
       0
       0
       1
       2
       0
       0
       0
       0
       0
       0
       0
       0
       0
       0
       0
       0
       0
       0
       0
       0
       0
       0
       0
       0
       0
       0
       0
       0
       0
       0
       0
