       0
       0
       0
       0
       0
       0
       0
       0
       0
       0
       0
       0
       0
       0
       7
      10
      15
      11
      49
     405
     426
     446
     429
     450
     471
     487
     529
     553
     531
     544
     528
     533
     589
     561
     611
     564
     567
     603
     667
     619
     643
     631
     655
     647
     653
     665
     699
     679
     714
     722
     704
     694
     672
     710
     707
     696
     672
     613
     629
     686
     658
     568
     587
     659
     602
     619
     550
     582
     566
     547
     572
     544
     572
     558
     523
     535
     592
     539
     565
     552
     573
     582
     542
     535
     536
     551
     521
     537
     541
     542
     534
     555
     478
     548
     556
     598
     557
     566
     578
     561
     546
     566
     520
     527
     541
     503
     492
     474
     423
     402
     409
     367
     313
     330
     303
     284
     271
     283
     256
     274
     294
     249
     282
     247
     254
     287
     276
     283
     299
     316
     337
     401
     368
     373
     415
     399
     420
     437
     465
     539
     637
     695
     871
    1044
    1243
    1496
    1703
    2058
    2378
    2591
    2801
    3035
    2991
    2954
    2811
    2603
    2270
    2013
    1695
    1322
     962
     715
     521
     352
     240
     137
      91
      54
      31
      23
      20
      11
       6
       5
       5
       5
       4
       4
       6
       6
       5
       4
       7
       4
       7
       8
       4
       5
       7
       8
       7
       6
       3
       8
       4
       8
       8
       4
       6
       6
       3
       5
       2
       4
       3
       5
       5
       6
       5
       3
       3
       1
       7
       5
       2
       4
       8
       7
       4
       1
       3
       1
       4
       8
       3
       3
       6
       6
       4
       1
       3
       6
       8
       7
       2
       2
       1
       5
       4
       4
       4
       3
       2
       5
       5
       2
       1
       1
       3
       1
       2
       2
       6
       3
       1
       3
       2
       1
       3
       2
       3
       3
       3
       5
       2
       2
       3
       4
       2
       0
       2
       3
       1
       3
       1
       5
       3
       6
       3
       2
       0
       1
       1
       3
       2
       1
       3
       5
       0
       4
       1
       0
       1
       4
       2
       2
       1
       2
       0
       3
       2
       2
       4
       2
       0
       4
       2
       1
       3
       5
       1
       3
       4
       0
       2
       2
       5
       4
       1
       2
       6
       4
       3
       3
       4
       6
       1
       5
       5
       4
       3
       4
       3
       4
       0
       1
       1
       0
       0
       0
       1
       0
       0
       1
       0
       1
       2
       0
       0
       1
       0
       0
       0
       2
       1
       0
       0
       0
       1
       0
       0
       2
       0
       1
       0
       1
       3
       0
       0
       0
       0
       1
       0
       1
       1
       0
       1
       0
       1
       3
       2
       2
       2
       2
       3
       0
       0
       1
       0
       1
       0
       1
       0
       2
       1
       0
       1
       1
       0
       0
       0
       1
       0
       0
       1
       0
       0
       1
       0
       0
       0
       0
       0
       0
       0
       2
       1
       0
       3
       0
       3
       0
       0
       0
       2
       1
       1
       0
       1
       1
       0
       1
       0
       0
       1
       0
       0
       0
       1
       0
       1
       0
       1
       0
       1
       0
       0
       0
       2
       0
       0
       0
       0
       0
       3
       0
       0
       0
       0
       0
       1
       2
       0
       1
       2
       0
       1
       0
       0
       1
       0
       0
       2
       0
       0
       0
       0
       1
       0
       0
       1
       1
       0
       0
       0
       0
       0
       0
       0
       0
       0
       0
       0
       0
       0
       0
       0
       0
       0
       0
       0
       0
       0
       0
       0
       0
       0
       0
       0
       0
       0
       0
