       0
       0
       0
       0
       0
       0
       0
       0
       0
       0
       0
       0
       0
       0
       0
       0
       4
       3
      42
     343
     423
     466
     489
     486
     424
     471
     509
     482
     524
     505
     531
     531
     523
     558
     547
     558
     541
     565
     610
     592
     585
     628
     656
     670
     683
     683
     653
     693
     762
     656
     698
     727
     723
     683
     707
     635
     696
     681
     623
     624
     636
     582
     631
     588
     668
     623
     592
     557
     549
     548
     557
     583
     579
     517
     502
     547
     544
     516
     546
     589
     567
     522
     517
     562
     518
     533
     548
     542
     538
     542
     595
     554
     578
     575
     569
     517
     538
     531
     545
     510
     537
     537
     552
     467
     562
     493
     544
     509
     484
     460
     437
     450
     416
     385
     334
     294
     300
     280
     303
     272
     286
     284
     273
     288
     260
     235
     260
     276
     254
     235
     242
     267
     252
     279
     274
     255
     303
     290
     281
     319
     337
     400
     436
     526
     641
     774
     967
    1202
    1446
    1674
    2107
    2424
    2765
    2982
    3107
    3298
    3228
    3156
    2850
    2605
    2129
    1752
    1379
    1050
     747
     559
     379
     241
     180
      89
      58
      31
      21
      13
       6
       8
       8
       6
       2
      11
       7
       1
       4
       4
       4
       6
       3
      14
       2
       3
       6
       8
       6
       3
       2
       5
       7
       2
       7
       4
       4
       4
       5
       4
       5
       3
       2
       6
       5
       3
       4
       4
       4
       3
       2
       6
       5
       3
       4
       2
       2
       5
       4
       7
       4
       5
       4
       3
       2
       4
       2
       7
       2
       7
       4
       1
       5
       3
       1
       6
       5
       5
       3
       2
       4
       4
       6
       4
       1
       3
       3
       4
       2
       1
       6
       6
       3
       3
       3
       5
       2
       5
       3
       5
       2
       2
       4
       0
       2
       1
       1
       3
       2
       4
       1
       2
       1
       4
       1
       1
       1
       6
       4
       3
       2
       1
       2
       2
       2
       1
       5
       2
       3
       3
       2
       0
       2
       2
       3
       0
       1
       1
       3
       5
       3
       1
       3
       4
       1
       3
       0
       3
       0
       3
       1
       2
       4
       2
       1
       2
       2
       6
       2
       1
       2
       5
       4
       1
       7
       7
       0
       2
       2
       4
       5
       0
       1
       1
       3
       1
       1
       1
       3
       1
       1
       1
       1
       1
       2
       0
       1
       1
       2
       0
       0
       0
       0
       0
       0
       0
       0
       4
       2
       1
       2
       0
       2
       0
       2
       0
       1
       0
       2
       0
       2
       2
       0
       0
       0
       0
       0
       1
       2
       1
       0
       1
       0
       1
       1
       0
       0
       0
       0
       1
       1
       0
       0
       2
       0
       0
       1
       0
       0
       2
       1
       0
       0
       1
       3
       2
       0
       1
       1
       0
       0
       0
       0
       1
       2
       1
       0
       1
       2
       0
       1
       0
       0
       1
       0
       0
       1
       0
       0
       0
       0
       0
       0
       0
       0
       0
       0
       0
       0
       1
       0
       0
       0
       1
       0
       0
       1
       0
       0
       0
       0
       0
       1
       1
       0
       1
       1
       0
       0
       1
       0
       0
       1
       0
       0
       0
       0
       1
       0
       1
       0
       1
       1
       1
       1
       2
       0
       0
       0
       0
       0
       1
       0
       0
       0
       0
       0
       0
       0
       0
       0
       0
       0
       0
       0
       0
       0
       0
       0
       0
       0
       0
       0
       0
       0
       0
       0
       0
