       0
       0
       0
       0
       1
       0
       0
       0
       0
       0
       2
       0
       0
       0
       1
       0
       0
       1
      38
     381
     442
     476
     481
     472
     453
     501
     470
     508
     559
     498
     571
     575
     573
     532
     541
     612
     598
     569
     623
     584
     641
     612
     616
     688
     611
     660
     679
     677
     648
     678
     730
     696
     685
     679
     697
     647
     643
     645
     642
     635
     647
     609
     588
     636
     587
     600
     575
     565
     555
     597
     601
     561
     566
     549
     513
     546
     520
     507
     547
     580
     545
     488
     528
     501
     521
     518
     543
     533
     553
     529
     580
     616
     589
     520
     594
     636
     567
     538
     571
     562
     549
     534
     474
     509
     497
     496
     477
     435
     389
     379
     410
     364
     311
     343
     294
     291
     264
     281
     270
     269
     242
     245
     247
     236
     247
     246
     250
     298
     278
     285
     293
     345
     306
     330
     404
     430
     425
     581
     638
     665
     733
     874
    1027
    1209
    1286
    1498
    1694
    1954
    1982
    2211
    2326
    2375
    2567
    2503
    2502
    2412
    2241
    2055
    1926
    1584
    1358
    1120
     874
     659
     472
     321
     215
     132
     116
      50
      36
      32
       6
      11
      11
       4
      10
      10
       7
       4
       4
       6
       1
       5
       8
      10
       4
       6
       8
       6
       4
       4
       7
       7
       1
       5
       3
       7
       5
       6
       4
       2
       3
       5
       6
       7
       6
       5
       9
       4
       5
       4
       5
       1
       4
       3
       2
       2
       8
       4
       3
       6
       2
       8
       2
       3
       6
       9
       3
       2
       5
       4
       1
       3
       3
       5
       2
       1
       3
       1
       3
       1
       4
       5
       1
       4
       3
       2
       4
       2
       2
       4
       3
       3
       2
       4
       4
       3
       1
       5
       4
       2
       2
       2
       4
       2
       3
       3
       3
       2
       1
       2
       2
       4
       0
       1
       3
       1
       1
       4
       0
       3
       4
       2
       2
       1
       2
       4
       1
       3
       3
       0
       1
       2
       2
       7
       1
       0
       1
       1
       1
       1
       3
       3
       4
       2
       6
       3
       2
       2
       2
       3
       5
       4
       2
       1
       1
       2
       2
       2
       5
       4
       8
       2
       3
       1
       1
       4
       2
       2
       2
       0
       1
       4
       2
       2
       0
       0
       1
       2
       1
       4
       0
       0
       1
       1
       1
       4
       1
       2
       1
       1
       0
       1
       0
       1
       0
       2
       0
       0
       2
       0
       0
       2
       2
       0
       0
       1
       0
       2
       0
       0
       0
       4
       2
       1
       1
       0
       0
       0
       1
       1
       0
       0
       0
       1
       0
       1
       2
       0
       0
       1
       1
       0
       1
       3
       0
       0
       1
       2
       1
       2
       1
       0
       1
       1
       0
       0
       0
       0
       0
       0
       0
       0
       0
       0
       0
       0
       0
       0
       0
       0
       0
       2
       1
       2
       1
       0
       0
       1
       0
       0
       0
       1
       1
       0
       0
       0
       1
       1
       0
       1
       0
       0
       2
       1
       1
       0
       0
       1
       0
       0
       0
       2
       1
       0
       0
       0
       0
       0
       0
       0
       0
       0
       0
       2
       0
       1
       0
       0
       1
       0
       0
       2
       2
       0
       1
       0
       0
       1
       0
       0
       0
       0
       0
       0
       0
       0
       0
       0
       0
       0
       0
       0
       0
       0
       0
       0
       0
       0
       0
       0
       0
       0
       0
       0
       0
       0
       0
       0
       0
       0
