       0
       0
       1
       0
       0
       0
       0
       0
       0
       0
       0
       0
       3
       9
      16
      15
       9
       8
      40
     387
     434
     414
     462
     453
     458
     501
     445
     489
     431
     491
     486
     523
     533
     570
     556
     541
     560
     587
     570
     601
     617
     579
     576
     628
     636
     686
     652
     652
     694
     732
     693
     653
     693
     697
     696
     630
     659
     677
     627
     610
     642
     589
     571
     625
     556
     614
     565
     565
     527
     554
     535
     563
     531
     541
     562
     556
     526
     519
     544
     528
     520
     456
     531
     544
     518
     535
     510
     511
     532
     475
     499
     517
     511
     523
     525
     516
     520
     495
     542
     549
     509
     568
     507
     507
     497
     489
     488
     495
     486
     439
     431
     436
     397
     376
     359
     343
     272
     260
     263
     227
     230
     227
     221
     221
     211
     196
     200
     196
     205
     201
     195
     205
     235
     233
     259
     291
     303
     340
     392
     415
     445
     559
     581
     563
     710
     812
     933
    1069
    1240
    1467
    1769
    2032
    2331
    2665
    2860
    2998
    3101
    3187
    3149
    2824
    2498
    2120
    1749
    1329
    1035
     741
     498
     395
     256
     159
      95
      64
      26
      20
       9
       9
      12
       1
      12
       6
       2
       4
       3
       8
       7
       5
       9
       9
       3
       4
       4
       6
       6
      10
       8
       6
       5
       8
       3
       7
       7
       4
       3
       3
       3
       6
       3
       5
       4
       4
       5
       3
       3
       8
       6
       4
       7
       8
       3
       5
       3
       6
       3
       2
       5
       2
       2
       4
       2
       3
       4
       6
       2
       7
       2
       5
       4
       1
       3
       3
       3
       5
       5
       0
       2
       4
       1
       3
       7
       5
       1
       4
       2
       4
       4
       2
       3
       6
       4
       5
       7
       4
       4
       0
       3
       2
       2
       4
       3
       4
       3
       4
       7
       2
       0
       1
       1
       1
       0
       2
       1
       3
       0
       1
       3
       3
       3
       1
       1
       4
       2
       5
       2
       2
       2
       2
       0
       3
       1
       2
       3
       3
       2
       1
       2
       2
       0
       0
       2
       0
       1
       0
       4
       3
       4
       3
       1
       5
       2
       5
       1
       4
       2
       1
       3
       2
       5
       3
       2
       1
       5
       3
       3
       2
       6
       2
       1
       4
       3
       0
       4
       2
       4
       1
       3
       1
       1
       0
       2
       1
       0
       1
       3
       0
       1
       0
       2
       0
       0
       0
       0
       0
       1
       0
       0
       1
       0
       0
       0
       0
       1
       0
       5
       1
       2
       0
       0
       0
       0
       0
       1
       0
       1
       2
       0
       0
       0
       4
       1
       0
       1
       2
       0
       1
       2
       1
       2
       1
       1
       1
       1
       1
       0
       0
       0
       1
       0
       1
       0
       2
       1
       0
       0
       2
       0
       1
       0
       0
       1
       2
       2
       0
       0
       0
       0
       0
       2
       0
       1
       2
       2
       2
       1
       0
       0
       0
       1
       0
       1
       0
       0
       1
       0
       0
       0
       0
       1
       0
       0
       0
       0
       1
       0
       0
       2
       0
       0
       0
       1
       0
       0
       0
       2
       1
       1
       1
       0
       0
       1
       2
       0
       0
       0
       1
       2
       0
       0
       0
       1
       1
       0
       0
       1
       1
       0
       1
       0
       0
       0
       0
       0
       0
       0
       0
       0
       0
       0
       0
       0
       0
       0
       0
       0
       0
       0
       0
       0
       0
       0
       0
       0
       0
