       0
       0
       0
       0
       0
       0
       0
       0
       0
       0
       0
       0
       0
       0
       0
       0
       0
       0
      37
     377
     466
     457
     473
     484
     488
     467
     515
     525
     518
     468
     529
     548
     590
     622
     577
     599
     600
     591
     595
     573
     620
     603
     655
     649
     664
     672
     675
     728
     684
     745
     685
     698
     680
     661
     651
     609
     633
     625
     626
     609
     583
     663
     600
     552
     568
     600
     523
     562
     533
     557
     565
     553
     519
     524
     499
     569
     563
     578
     492
     545
     521
     539
     595
     584
     582
     556
     579
     558
     506
     560
     540
     510
     514
     528
     517
     524
     485
     490
     503
     527
     511
     450
     468
     428
     435
     431
     386
     351
     351
     325
     319
     303
     280
     301
     278
     286
     269
     239
     282
     294
     278
     285
     298
     302
     312
     339
     348
     373
     473
     507
     526
     598
     666
     743
     769
     835
     993
    1080
    1117
    1280
    1407
    1519
    1634
    1795
    1933
    2072
    2078
    2205
    2213
    2178
    2180
    2135
    1876
    1679
    1511
    1220
     992
     728
     612
     440
     316
     221
     121
      97
      70
      35
      19
      15
      10
      10
       7
       3
       3
       9
       7
       5
       4
       7
       4
       6
       3
       3
       5
       9
       5
       6
       6
       7
       3
       4
       5
       4
       4
       6
       4
       4
       5
       2
       5
       6
       6
       4
       2
       5
       4
       6
       6
       7
       8
       3
       6
       4
       7
       9
       4
       3
       5
       4
       3
       2
       3
       5
       3
       7
       6
       5
       3
       3
       5
       3
       3
       2
       2
       1
       5
       3
       3
       4
       2
       3
       7
       5
       5
       3
       4
       5
       5
       2
       2
       2
       1
       7
       4
       4
       1
       2
       4
       2
       1
       1
       3
       3
       6
       2
       4
       1
       1
       3
       2
       3
       4
       0
       3
       6
       2
       2
       2
       0
       3
       1
       6
       2
       2
       2
       1
       4
       1
       3
       2
       2
       0
       4
       3
       4
       2
       4
       5
       2
       1
       8
       4
       4
       3
       3
       3
       3
       1
       4
       1
       3
       1
       3
       4
       8
       1
       4
       3
       2
       0
       3
       3
       2
       2
       1
       3
       3
       3
       2
       1
       1
       0
       1
       2
       1
       1
       2
       1
       0
       4
       1
       0
       0
       2
       1
       0
       1
       0
       1
       2
       1
       1
       3
       1
       0
       0
       0
       3
       1
       0
       1
       2
       1
       2
       0
       0
       1
       2
       2
       1
       2
       0
       1
       2
       1
       0
       1
       0
       1
       0
       0
       0
       1
       0
       0
       0
       0
       0
       1
       1
       0
       0
       1
       2
       0
       1
       0
       0
       1
       1
       0
       0
       0
       1
       0
       0
       0
       0
       0
       1
       1
       1
       1
       0
       1
       3
       0
       2
       0
       0
       0
       0
       0
       1
       0
       0
       1
       1
       1
       0
       1
       1
       0
       1
       1
       0
       0
       1
       1
       0
       1
       0
       0
       0
       1
       0
       0
       1
       0
       1
       1
       1
       0
       0
       0
       1
       0
       0
       0
       0
       0
       0
       1
       1
       2
       0
       0
       0
       1
       0
       1
       1
       0
       0
       0
       0
       0
       0
       0
       0
       0
       2
       0
       0
       0
       0
       0
       0
       0
       0
       0
       0
       0
       0
       0
       0
       0
       0
       0
       0
       0
       0
       0
       0
       0
       0
       0
       0
       0
       0
       0
       0
       0
