       0
       0
       0
       0
       0
       0
       0
       0
       0
       0
       0
       0
       0
       0
       0
       0
       3
       2
      38
     383
     442
     422
     412
     445
     450
     444
     429
     453
     464
     465
     461
     525
     502
     533
     518
     538
     604
     550
     573
     561
     582
     606
     567
     593
     621
     624
     610
     603
     668
     676
     635
     677
     638
     649
     659
     680
     641
     585
     598
     573
     572
     598
     563
     540
     592
     586
     571
     566
     503
     530
     538
     560
     553
     517
     550
     534
     518
     501
     547
     478
     465
     512
     529
     497
     514
     496
     510
     517
     526
     514
     524
     539
     526
     564
     542
     556
     577
     549
     534
     523
     554
     551
     559
     490
     514
     552
     522
     518
     452
     401
     351
     365
     352
     332
     283
     272
     282
     236
     232
     235
     247
     220
     196
     216
     208
     226
     217
     213
     203
     186
     196
     227
     203
     232
     217
     232
     245
     240
     266
     309
     380
     444
     594
     717
     841
    1068
    1325
    1547
    1922
    2204
    2656
    2712
    2947
    3159
    3114
    3067
    2724
    2473
    2280
    1798
    1444
    1181
     887
     589
     431
     288
     180
     116
      74
      33
      29
      17
      12
      13
       8
       6
      10
       8
       4
       7
       9
       6
       6
       4
       9
       2
       3
       4
       9
       4
       5
       7
       3
       4
       5
       4
       5
       4
       4
       6
       5
       7
       7
       7
       4
       5
       9
       5
       5
       6
       2
       8
       6
       7
       4
       2
       3
       5
       8
       3
       4
       7
       3
       3
       5
       3
       3
       3
      10
       5
       3
       4
       4
       2
       0
       3
       2
       5
       2
       2
       5
       4
       3
       5
       4
       3
       5
       0
       2
       2
       1
       4
       2
       2
       2
       4
       8
       2
       2
       2
       2
       3
       5
       4
       4
       1
       2
       5
       0
       2
       3
       1
       5
       2
       4
       1
       1
       2
       1
       0
       3
       4
       2
       1
       0
       1
       1
       0
       1
       2
       3
       3
       1
       2
       3
       0
       1
       2
       3
       3
       1
       3
       0
       2
       2
       5
       1
       1
       1
       1
       6
       0
       0
       4
       4
       4
       2
       4
       3
       4
       5
       3
       2
       4
       2
       6
       3
       4
       3
       2
       2
       3
       2
       2
       3
       4
       0
       3
       1
       1
       0
       1
       1
       1
       2
       1
       1
       0
       2
       1
       0
       1
       0
       2
       1
       2
       1
       2
       0
       0
       0
       2
       1
       2
       0
       1
       1
       0
       1
       0
       1
       0
       0
       0
       2
       0
       1
       0
       1
       0
       0
       2
       0
       0
       0
       0
       0
       2
       2
       0
       0
       1
       1
       1
       0
       1
       0
       0
       2
       0
       1
       1
       0
       0
       0
       1
       0
       0
       1
       0
       1
       0
       1
       0
       2
       1
       0
       0
       1
       0
       1
       1
       1
       0
       1
       2
       1
       0
       0
       0
       1
       1
       1
       0
       0
       0
       0
       0
       0
       0
       1
       0
       1
       0
       1
       0
       0
       0
       1
       2
       0
       1
       0
       1
       1
       0
       0
       0
       2
       1
       0
       0
       0
       0
       0
       0
       1
       1
       1
       2
       1
       1
       0
       1
       0
       1
       0
       0
       0
       3
       0
       0
       2
       0
       0
       0
       0
       0
       0
       0
       0
       0
       0
       0
       0
       0
       0
       0
       0
       0
       0
       0
       0
       0
       0
       0
       0
       0
       0
       0
       0
       0
