       0
       0
       0
       0
       0
       0
       0
       0
       0
       0
       0
       0
       0
       0
       0
       0
       0
       0
       7
      43
      35
      34
      31
      50
      50
      40
      52
      47
      46
      48
      57
      57
      40
      62
      68
      61
      66
      77
      80
      81
      94
      85
      96
      84
      85
      77
      83
      90
     101
      87
      99
      71
      82
      74
      63
      78
      73
      73
      75
      77
      71
      84
      79
      78
      74
      66
      69
      57
      60
      61
      54
      71
      55
      56
      54
      67
      64
      41
      53
      54
      53
      47
      49
      52
      47
      35
      39
      58
      34
      42
      49
      38
      31
      34
      33
      27
      38
      42
      32
      28
      42
      32
      32
      40
      30
      27
      27
      35
      35
      26
      32
      31
      24
      23
      28
      24
      19
      20
      21
      24
      27
      22
      28
      14
      23
      20
      17
      12
      25
      21
      16
      22
      23
      17
      19
      28
      24
      23
      23
      22
      17
      29
      22
      31
      38
      36
      58
      41
      63
      49
      57
      59
      65
      61
      80
      60
      84
      61
      77
      82
      83
      59
      77
      72
      66
      66
      66
      45
      49
      59
      38
      29
      22
      24
      12
      14
      17
      11
       9
       6
       8
       8
      10
       4
       3
       5
       6
       6
       5
       6
       8
       2
       8
       4
       9
       7
       8
       8
       9
       4
       4
       6
       4
       7
       4
       7
       5
       8
       5
       9
       5
       6
       5
       6
       6
       3
       2
       3
       3
       6
       2
       2
       5
       0
       2
       1
       2
       7
       4
       1
       5
       4
       3
       8
       3
       5
       2
       4
       8
       7
       2
       1
       1
       2
       3
       6
       1
       2
       0
       7
       5
       6
       3
       2
       3
       4
       3
       2
       2
       3
       2
       6
       3
       2
       5
       4
       2
       2
       1
       4
       0
       3
       4
       5
       5
       7
       4
       1
       5
       3
       2
       2
       2
       2
       2
       0
       4
       1
       1
       1
       1
       2
       0
       1
       1
       3
       1
       3
       2
       2
       1
       2
       1
       2
       1
       3
       3
       1
       6
       2
       2
       3
       5
       3
       3
       4
       2
       6
       2
       2
       0
       5
       3
       2
       2
       3
       1
       0
       2
       4
       3
       3
       2
       1
       3
       1
       3
       1
       2
       2
       2
       2
       0
       1
       2
       1
       0
       5
       0
       0
       2
       1
       3
       0
       0
       0
       0
       1
       0
       0
       1
       0
       1
       0
       1
       0
       0
       0
       0
       0
       0
       0
       0
       1
       1
       0
       0
       1
       1
       0
       0
       1
       1
       0
       0
       0
       1
       1
       0
       1
       2
       2
       0
       1
       1
       1
       0
       0
       0
       0
       0
       0
       0
       0
       1
       1
       1
       0
       1
       2
       0
       1
       0
       0
       1
       0
       0
       1
       1
       1
       1
       0
       1
       0
       0
       0
       0
       0
       0
       1
       0
       0
       1
       2
       0
       0
       0
       0
       1
       0
       0
       0
       0
       1
       1
       1
       2
       0
       0
       0
       0
       1
       1
       1
       1
       0
       0
       0
       0
       1
       1
       0
       0
       0
       1
       1
       1
       0
       1
       0
       0
       1
       2
       0
       0
       0
       0
       0
       0
       0
       0
       1
       0
       1
       0
       1
       0
       0
       0
       0
       0
       0
       0
       0
       0
       0
       0
       0
       0
       0
       0
       0
       0
       0
       0
       0
       0
       0
       0
       0
       0
       0
