       0
       0
       0
       0
       0
       0
       0
       0
       0
       0
       0
       0
       0
       0
       1
       0
       0
       0
       4
      34
      37
      31
      38
      40
      38
      55
      44
      58
      57
      53
      53
      80
      73
      70
      67
      82
      90
      73
      78
      78
      93
      88
      78
      98
      93
      90
      94
      80
     101
      75
     103
      97
      80
      81
      85
      88
      81
      83
      56
      68
      70
      55
      81
      67
      69
      59
      63
      59
      59
      67
      78
      57
      71
      59
      47
      62
      58
      51
      55
      41
      49
      51
      37
      55
      47
      42
      46
      60
      40
      34
      38
      42
      30
      37
      38
      34
      30
      31
      34
      42
      38
      37
      47
      40
      42
      33
      32
      27
      29
      36
      39
      28
      21
      30
      19
      18
      16
      21
      22
      26
      28
      22
      16
      20
      26
      16
      23
      18
      26
      22
      25
      22
      24
      22
      21
      29
      29
      35
      17
      30
      35
      23
      37
      24
      45
      54
      44
      74
      57
      60
      60
      56
      78
      73
      71
      71
      90
      76
      66
      94
      86
      75
     101
      68
      61
      48
      47
      51
      47
      37
      46
      29
      27
      13
      21
      15
      16
       7
       7
      10
       7
      11
       3
       3
       7
       7
       4
       5
       4
      10
       6
       3
       4
       6
       7
       4
      10
       5
       2
       8
       5
       2
       7
       9
       3
       6
       6
       4
       5
       6
       4
       4
       5
       2
       4
       0
       7
       5
       3
       2
       2
       4
       1
       6
       3
       3
       3
       3
       6
       2
       3
       3
       5
       4
       3
       7
       3
       5
       3
       8
       1
       3
       2
       4
       5
       4
       1
       7
       4
       6
       3
       6
       4
       3
       2
       2
       1
       2
       4
       2
       4
       5
       2
       2
       1
       4
       5
       5
       4
       1
       1
       0
       5
       2
       0
       0
       2
       1
       2
       3
       2
       2
       0
       2
       3
       1
       3
       1
       1
       0
       4
       1
       1
       1
       2
       1
       5
       3
       2
       2
       0
       1
       2
       0
       1
       1
       3
       2
       1
       2
       1
       2
       1
       1
       2
       3
       5
       1
       2
       3
       1
       2
       1
       5
       1
       4
       3
       4
       1
       1
       3
       1
       2
       1
       0
       4
       1
       0
       1
       1
       1
       0
       2
       1
       1
       2
       2
       1
       1
       0
       1
       3
       2
       1
       2
       0
       1
       0
       1
       0
       0
       4
       0
       2
       0
       0
       0
       0
       2
       0
       0
       1
       0
       2
       3
       0
       0
       1
       0
       0
       1
       0
       1
       1
       0
       0
       3
       0
       1
       1
       0
       1
       0
       0
       1
       0
       1
       0
       2
       0
       0
       0
       0
       0
       1
       0
       1
       0
       0
       2
       1
       1
       0
       0
       0
       1
       1
       0
       2
       0
       0
       1
       1
       0
       0
       0
       0
       0
       0
       0
       0
       1
       0
       1
       0
       0
       0
       1
       0
       0
       0
       0
       1
       1
       1
       0
       1
       1
       0
       0
       1
       0
       0
       1
       0
       0
       0
       0
       0
       0
       1
       0
       0
       1
       1
       0
       0
       0
       0
       1
       2
       0
       0
       0
       1
       0
       0
       2
       0
       0
       0
       0
       0
       0
       0
       0
       0
       0
       0
       0
       0
       0
       0
       0
       0
       0
       0
       0
       0
       0
       0
       0
       0
       0
       0
       0
       0
       0
       0
       0
       0
       0
