       0
       0
       0
       0
       0
       0
       0
       0
       0
       0
       0
       0
       0
       0
       0
       1
       0
       1
      32
     392
     436
     433
     398
     432
     394
     458
     438
     463
     520
     504
     481
     506
     534
     560
     539
     596
     534
     543
     562
     561
     524
     594
     599
     649
     563
     619
     673
     714
     656
     734
     661
     674
     688
     688
     623
     684
     635
     646
     606
     554
     559
     562
     581
     547
     594
     527
     543
     510
     543
     551
     594
     570
     531
     521
     510
     541
     495
     534
     530
     562
     494
     511
     481
     459
     472
     452
     568
     476
     524
     470
     512
     450
     492
     512
     537
     529
     516
     536
     529
     473
     551
     569
     511
     504
     464
     439
     479
     447
     392
     366
     336
     311
     307
     273
     264
     242
     273
     262
     224
     243
     223
     203
     223
     182
     176
     206
     224
     195
     187
     215
     185
     218
     207
     244
     242
     286
     292
     341
     396
     481
     596
     684
     829
    1020
    1297
    1589
    1856
    2086
    2421
    2736
    3011
    3028
    3045
    3064
    2944
    2693
    2430
    1919
    1655
    1376
    1092
     805
     542
     361
     240
     180
      87
      56
      52
      29
      12
      11
       1
      11
       4
       5
      10
       5
       4
       2
       4
       6
       5
       4
       4
       5
       3
       4
       3
       5
       3
       5
       4
       1
       3
       4
       7
       5
       8
       3
       2
       5
       5
       3
       2
       7
       2
       6
      11
       4
       3
       4
       5
       3
       3
       6
       6
       3
       4
       2
       4
       5
       6
       7
       2
       4
       9
       0
       5
       4
       3
       5
       4
       1
       4
       2
       6
       3
       3
       8
       3
       4
       5
       4
       5
       1
       3
       2
       3
       3
       4
       3
       4
       1
       1
       1
       6
       5
       3
       6
       2
       3
       3
       1
       4
       7
       4
       2
       3
       2
       1
       1
       5
       1
       6
       1
       0
       3
       1
       2
       2
       4
       2
       4
       1
       1
       3
       2
       0
       1
       2
       3
       2
       1
       4
       3
       2
       4
       1
       2
       3
       0
       4
       3
       3
       5
       5
       6
       7
       1
       3
       4
       4
       3
       1
       2
       4
       0
       3
       3
       5
       4
       4
       4
       3
       2
       2
       3
       1
       0
       1
       5
       2
       1
       3
       0
       0
       0
       2
       1
       3
       0
       1
       0
       2
       0
       2
       0
       0
       0
       0
       0
       0
       0
       0
       0
       2
       2
       2
       0
       1
       0
       1
       1
       0
       1
       1
       0
       1
       0
       0
       0
       0
       1
       0
       0
       0
       0
       0
       1
       1
       2
       0
       0
       0
       0
       1
       0
       0
       1
       1
       1
       1
       0
       1
       2
       1
       0
       1
       0
       1
       0
       0
       0
       2
       0
       0
       0
       1
       0
       1
       1
       0
       1
       0
       0
       1
       0
       1
       1
       0
       1
       0
       1
       0
       0
       1
       0
       0
       0
       0
       0
       1
       0
       1
       1
       0
       0
       0
       0
       1
       0
       0
       0
       0
       0
       1
       0
       0
       0
       0
       2
       2
       0
       3
       0
       0
       0
       0
       1
       0
       0
       0
       2
       1
       1
       0
       0
       0
       0
       1
       0
       0
       1
       0
       1
       1
       0
       2
       1
       0
       0
       0
       0
       0
       0
       0
       0
       0
       0
       0
       0
       0
       0
       0
       0
       0
       0
       0
       0
       0
       0
       0
       0
       0
       0
       0
       0
       0
       0
       0
       0
