       0
       0
       0
       0
       0
       0
       0
       0
       1
       1
       4
       3
       3
       3
       6
       5
       3
       2
      12
     119
     160
     130
     143
     143
     155
     149
     142
     145
     154
     147
     150
     140
     175
     169
     165
     191
     178
     183
     206
     199
     170
     208
     205
     193
     214
     207
     205
     205
     210
     216
     228
     219
     207
     209
     225
     200
     201
     198
     206
     181
     208
     182
     185
     211
     180
     180
     187
     190
     165
     190
     183
     193
     169
     174
     137
     190
     176
     168
     173
     177
     177
     178
     172
     167
     166
     182
     166
     167
     162
     157
     173
     177
     177
     164
     159
     150
     183
     175
     178
     175
     159
     185
     177
     180
     160
     186
     166
     170
     156
     175
     178
     151
     164
     179
     149
     153
     176
     162
     165
     143
     151
     160
     125
     155
     114
     127
     121
     111
     101
     111
      87
      96
     117
      96
     107
      81
     105
     130
     117
     121
     135
     129
     154
     178
     175
     199
     205
     219
     212
     228
     257
     270
     274
     296
     335
     311
     334
     386
     384
     416
     472
     514
     530
     531
     655
     603
     604
     634
     597
     595
     575
     622
     557
     497
     430
     441
     367
     370
     329
     262
     222
     222
     187
     152
     138
     117
     100
      90
      49
      48
      45
      45
      43
      35
      21
      25
      35
      24
      14
      20
      20
      27
      14
      20
      16
      18
      17
      18
      21
      13
      10
       8
      16
      15
      15
       8
       9
       9
      20
       6
       8
       7
       4
      10
       8
       4
       4
       3
       7
       3
       5
       8
       8
       9
       3
       5
       0
       5
       6
       7
       2
       4
       3
       7
       5
       3
       3
       2
       4
       3
       2
       4
       2
       5
       3
       2
       3
       4
       2
       6
       5
       3
       3
       2
       3
       3
       3
       2
       3
       2
       6
       3
       2
       4
       4
       4
       4
       2
       5
       0
       3
       5
       3
       2
       3
       1
       4
       6
       3
       2
       1
       1
       5
       1
       1
       0
       4
       3
       1
       5
       1
       2
       0
       0
       1
       2
       1
       0
       5
       0
       2
       2
       3
       1
       3
       2
       5
       2
       3
       1
       3
       0
       2
       3
       3
       1
       2
       4
       2
       2
       3
       2
       5
       0
       2
       1
       3
       3
       1
       4
       2
       4
       0
       4
       0
       1
       1
       0
       3
       0
       2
       1
       2
       4
       1
       0
       1
       3
       3
       3
       3
       1
       0
       1
       1
       2
       0
       1
       1
       0
       0
       0
       1
       0
       2
       0
       0
       2
       2
       0
       2
       1
       0
       0
       0
       0
       1
       0
       1
       2
       0
       2
       0
       1
       0
       0
       0
       0
       1
       1
       0
       0
       2
       0
       0
       1
       1
       0
       0
       1
       2
       1
       1
       0
       0
       0
       1
       0
       0
       0
       0
       0
       2
       1
       0
       1
       1
       0
       1
       0
       0
       0
       0
       0
       0
       0
       0
       0
       0
       0
       0
       1
       0
       3
       0
       1
       0
       0
       0
       0
       0
       0
       2
       0
       0
       0
       0
       0
       0
       0
       0
       0
       0
       0
       1
       1
       0
       1
       0
       0
       2
       0
       1
       0
       0
       0
       0
       0
       0
       0
       0
       1
       0
       0
       0
       0
       1
       0
       0
       0
       0
       0
       0
       0
       0
       0
       0
       0
       0
       0
       0
       0
       0
       0
       0
       0
       0
       0
       0
       0
       0
       0
