       0
       0
       0
       0
       0
       0
       0
       0
       0
       0
       0
       0
       0
       0
       0
       0
       0
       0
      12
      86
      95
     107
     104
     117
     133
     117
     127
     149
     138
     151
     148
     149
     183
     159
     181
     194
     167
     171
     175
     171
     170
     185
     201
     180
     172
     178
     171
     169
     188
     166
     164
     168
     156
     148
     161
     181
     174
     157
     147
     145
     141
     142
     134
     127
     135
     129
     126
     141
     122
     119
     137
     107
     103
     113
     124
     121
     117
     124
     108
     118
     109
     121
     125
     130
     135
      98
     116
     143
      92
     113
     117
     118
     123
     107
     128
     110
     128
     119
     113
     107
      99
     117
     123
      96
      93
      88
      87
      83
      85
      92
      68
      63
      74
      54
      55
      57
      47
      56
      43
      44
      58
      51
      48
      57
      60
      58
      53
      75
      59
      76
      95
      84
     113
      96
     136
     146
     177
     193
     201
     253
     288
     302
     387
     363
     477
     503
     517
     550
     525
     515
     526
     495
     421
     391
     323
     254
     244
     176
     131
      95
      73
      63
      37
      34
      17
      12
       9
       7
       7
       5
       4
       2
       7
       3
      11
       6
       8
       3
       6
       8
       5
       6
       7
       5
       6
       5
       9
       3
       3
       3
       2
       3
       5
       5
       7
       5
       6
       4
       4
       5
       3
       8
       4
       2
       5
       3
       3
       7
       5
       6
       6
       2
       7
       3
       2
       4
       4
       4
       5
       3
       3
       2
       2
       2
       2
       4
       4
       1
       4
       2
       1
       5
       5
       2
       3
       5
       3
       4
       5
       2
       4
       0
       6
       4
       5
       1
       2
       4
       3
       4
       6
       3
       4
       1
       2
       2
       0
       2
       4
       1
       3
       3
       6
       3
       5
       3
       0
       1
       0
       5
       2
       3
       4
       0
       3
       1
       3
       1
       3
       2
       1
       1
       2
       2
       3
       1
       0
       3
       0
       1
       0
       0
       1
       0
       3
       7
       0
       5
       2
       2
       5
       1
       4
       1
       3
       5
       4
       5
       3
       3
       2
       1
       7
       5
       2
       4
       5
       3
       4
       2
       1
       0
       2
       5
       2
       3
       0
       2
       1
       1
       1
       2
       4
       1
       1
       1
       1
       1
       0
       0
       1
       1
       0
       0
       0
       1
       0
       1
       1
       0
       1
       0
       1
       0
       0
       2
       1
       1
       1
       1
       1
       1
       0
       1
       0
       0
       1
       1
       0
       0
       0
       2
       0
       0
       1
       1
       0
       1
       3
       2
       0
       2
       0
       2
       1
       0
       0
       0
       1
       0
       0
       0
       0
       0
       0
       0
       0
       1
       0
       2
       0
       0
       0
       1
       1
       1
       0
       1
       0
       0
       1
       0
       0
       0
       0
       0
       0
       0
       1
       0
       1
       0
       1
       0
       0
       0
       1
       1
       1
       1
       0
       1
       0
       0
       0
       0
       1
       0
       0
       1
       0
       0
       0
       2
       0
       0
       1
       0
       0
       0
       0
       0
       0
       0
       0
       0
       0
       0
       1
       1
       0
       0
       0
       0
       0
       1
       0
       0
       0
       0
       0
       0
       0
       1
       0
       0
       0
       0
       0
       1
       0
       0
       1
       0
       1
       0
       0
       0
       0
       0
       0
       0
       0
       0
       0
       0
       0
       0
       0
       0
       0
       0
       0
       0
       0
       0
       0
       0
       0
       0
       0
       0
