       0
       0
       0
       0
       0
       0
       0
       0
       0
       0
       0
       0
       0
       0
       0
       0
       0
       0
      16
     118
     139
     136
     144
     147
     132
     146
     141
     162
     148
     195
     180
     196
     184
     185
     196
     199
     209
     209
     217
     224
     218
     219
     166
     218
     211
     221
     208
     226
     215
     202
     204
     211
     196
     192
     184
     195
     188
     165
     199
     184
     158
     178
     155
     175
     145
     159
     182
     165
     146
     150
     150
     172
     149
     153
     150
     154
     158
     152
     142
     145
     142
     146
     158
     133
     140
     148
     159
     121
     123
     135
     121
     127
     146
     115
     136
     124
     105
     142
     145
     132
     144
     128
     110
     124
     136
     100
     115
     123
      90
     101
     109
     108
      72
      84
      90
      89
      76
      64
      68
      78
      63
      85
      72
      71
      85
      85
      72
      81
      84
     104
     105
     108
     120
     137
     142
     151
     161
     217
     225
     251
     273
     307
     312
     387
     435
     499
     498
     522
     565
     584
     565
     618
     562
     564
     493
     430
     437
     328
     288
     218
     195
     119
     112
      81
      48
      41
      24
      10
       6
      10
       3
       9
       3
       9
       3
       5
       5
       3
       5
       5
       6
       6
       8
       5
       2
       6
       3
       5
       4
       1
       3
       4
       4
       5
       8
       3
       9
       7
       9
       5
       9
       3
       3
       3
       4
       4
       5
       4
       6
       9
       3
       1
       1
       2
       2
       7
       3
       0
       5
       5
       4
       2
       5
       3
       7
       5
       7
       6
       3
       3
       4
       6
       1
       5
       4
       1
       2
       6
       2
       3
       3
       2
       5
       1
       5
       5
       4
       1
       0
       1
       3
       1
       0
       3
       1
       3
       1
       4
       1
       2
       5
       0
       1
       2
       3
       0
       1
       1
       1
       3
       3
       4
       4
       1
       0
       1
       2
       2
       3
       2
       1
       2
       3
       1
       2
       1
       2
       3
       1
       4
       5
       2
       3
       1
       3
       5
       2
       5
       3
       4
       2
       3
       1
       3
       4
       4
       2
       1
       3
       1
       5
       3
       0
       1
       3
       0
       4
       3
       1
       3
       3
       3
       0
       4
       7
       1
       2
       1
       1
       1
       2
       2
       0
       2
       1
       1
       2
       1
       1
       2
       1
       0
       1
       0
       1
       2
       1
       2
       0
       0
       0
       0
       0
       0
       0
       2
       0
       0
       1
       1
       0
       0
       1
       1
       0
       2
       0
       4
       2
       0
       0
       1
       2
       0
       0
       1
       0
       1
       2
       0
       1
       0
       1
       0
       1
       0
       1
       0
       0
       0
       2
       2
       0
       2
       1
       2
       0
       1
       0
       0
       0
       3
       1
       1
       1
       0
       0
       0
       3
       0
       1
       0
       0
       0
       0
       1
       0
       0
       0
       0
       3
       1
       0
       0
       2
       0
       0
       1
       1
       2
       0
       0
       0
       2
       0
       0
       1
       1
       1
       1
       0
       0
       0
       0
       0
       1
       1
       0
       0
       0
       1
       0
       0
       0
       0
       1
       0
       0
       0
       0
       0
       1
       1
       0
       1
       0
       0
       0
       0
       0
       3
       0
       0
       1
       0
       0
       0
       1
       0
       0
       0
       1
       0
       0
       1
       0
       0
       0
       0
       0
       0
       0
       0
       0
       0
       0
       0
       0
       0
       0
       0
       0
       0
       0
       0
       0
       0
       0
       0
       0
       0
       0
