#Drehschieberpumpe Leckratenmessung p_G = 0,5 mbar
#t[s]	p_1[mbar]	p_2[mbar]	p_3[mbar]
10      513             506         
20      532             522         
30      552             539         
40      571             558         
50      591             575         
60      608             592         
70      627             608         
80      645             624         
90      664             640         
100     682             657         
110     701             673         
120     719             689         
130     738             706         
140     757             722         
150     776             739         
160     795             756         
170     814             773         
180     833             790         
190     850             806         
200     870             823         