$SPEC_ID:
PRAK02 Easy-MCA-2k SN
$SPEC_REM:
DET# 1
DETDESC# PRAK01 Easy-MCA-2k SN 15071856
AP# Maestro Version 7.01
$DATE_MEA:
02/05/2002 00:50:27
$MEAS_TIM:
300 302
$DATA:
0 511
       0
       0
       0
       0
       0
       1
       0
       0
       0
       0
       0
       0
       0
       0
       0
       0
       0
       0
      46
     409
     509
     488
     496
     506
     526
     536
     504
     554
     559
     583
     529
     568
     603
     562
     619
     594
     627
     635
     654
     674
     675
     691
     679
     686
     708
     710
     699
     728
     756
     777
     795
     764
     810
     803
     731
     803
     822
     737
     726
     734
     745
     705
     707
     680
     654
     679
     633
     654
     667
     637
     663
     621
     615
     575
     593
     600
     650
     616
     616
     636
     627
     602
     584
     614
     614
     584
     611
     581
     581
     620
     584
     628
     610
     572
     587
     603
     594
     585
     595
     589
     605
     607
     626
     594
     605
     596
     600
     564
     554
     592
     565
     538
     477
     452
     428
     436
     372
     335
     315
     332
     274
     292
     266
     236
     244
     258
     211
     219
     240
     233
     208
     257
     227
     228
     226
     226
     219
     238
     236
     276
     279
     272
     306
     309
     407
     469
     596
     775
    1040
    1348
    1678
    2158
    2568
    2987
    3472
    3734
    3939
    4043
    4148
    3893
    3508
    3206
    2705
    2206
    1751
    1319
     910
     618
     428
     292
     140
     107
      66
      37
      28
      18
       9
      10
       8
       8
       2
       7
       6
       9
       6
       8
       4
       0
       4
       4
       5
      11
       7
       4
       5
       6
       7
       4
       7
       3
       5
       5
       4
       6
       3
       5
       6
       7
       4
       2
       4
       5
       5
      10
       5
       6
       5
       3
       6
       7
       4
       6
       4
       6
       4
       6
       2
       3
       2
       6
       6
       8
       5
       7
       2
       3
       4
       6
       1
       2
       2
       1
       6
       6
       2
       3
       7
       6
       4
       3
       1
       1
       1
       3
       3
       4
       5
       3
       5
       4
       4
       2
       4
       2
       4
       0
       4
       5
       1
       2
       3
       1
       2
       3
       5
       4
       3
       4
       1
       2
       2
       4
       3
       0
       2
       4
       1
       3
       1
       3
       1
       4
       1
       3
       1
       1
       2
       2
       5
       2
       0
       1
       2
       2
       4
       1
       3
       1
       1
       0
       2
       0
       0
       3
       1
       2
       4
       1
       5
       1
       3
       3
       3
       5
       4
       4
       2
       3
       2
       2
       4
       5
       3
       2
       4
       2
       6
       3
       3
       2
       2
       0
       3
       4
       2
       4
       2
       0
       0
       2
       1
       2
       2
       1
       0
       0
       1
       0
       3
       1
       3
       0
       3
       0
       0
       0
       1
       0
       0
       1
       1
       0
       1
       0
       0
       2
       1
       1
       1
       0
       0
       0
       2
       3
       0
       0
       0
       0
       1
       0
       1
       1
       0
       0
       0
       0
       1
       1
       1
       1
       1
       2
       1
       1
       0
       0
       0
       0
       1
       1
       1
       1
       2
       1
       0
       0
       1
       0
       0
       0
       1
       0
       0
       1
       1
       0
       1
       0
       1
       0
       2
       0
       0
       1
       0
       0
       1
       0
       0
       1
       0
       0
       0
       0
       0
       1
       0
       0
       0
       1
       0
       0
       0
       0
       0
       1
       0
       3
       0
       0
       1
       0
       1
       0
       0
       0
       0
       1
       0
       0
       1
       0
       0
       1
       1
       0
       2
       1
       0
       0
       0
       0
       0
       0
       0
       0
       0
       0
       0
       0
       0
       0
       0
       0
       0
       0
       0
       0
       0
       0
       0
       0
       0
       0
       0
       0
       0
       0
       0
       0
       0
       0
$ROI:
0
$PRESETS:
Live Time
300
0
$ENER_FIT:
0.000000 0.000000
$MCA_CAL:
3
0.000000E+000 0.000000E+000 0.000000E+000 
$SHAPE_CAL:
3
0.000000E+000 0.000000E+000 0.000000E+000
