$SPEC_ID:
PRAK02 Easy-MCA-2k SN
$SPEC_REM:
DET# 1
DETDESC# PRAK01 Easy-MCA-2k SN 15071856
AP# Maestro Version 7.01
$DATE_MEA:
02/05/2002 00:59:17
$MEAS_TIM:
300 302
$DATA:
0 511
       0
       0
       0
       0
       0
       0
       0
       0
       0
       0
       0
       0
       0
       1
       0
       0
       0
       0
      50
     420
     504
     533
     501
     507
     492
     504
     542
     520
     538
     547
     592
     541
     571
     596
     594
     575
     584
     671
     638
     678
     648
     703
     685
     670
     674
     700
     707
     793
     769
     836
     807
     826
     775
     818
     773
     782
     775
     704
     699
     733
     708
     728
     714
     646
     659
     675
     696
     617
     677
     664
     621
     670
     598
     661
     625
     620
     602
     631
     570
     569
     601
     603
     624
     656
     622
     603
     588
     595
     588
     607
     589
     573
     639
     644
     630
     622
     607
     610
     581
     636
     606
     638
     627
     613
     592
     594
     648
     580
     573
     605
     511
     537
     454
     464
     416
     415
     353
     314
     303
     317
     261
     257
     260
     256
     267
     226
     245
     232
     244
     209
     223
     215
     231
     228
     248
     262
     251
     231
     257
     257
     264
     274
     305
     337
     395
     479
     648
     812
    1053
    1258
    1602
    2099
    2545
    2946
    3348
    3650
    3872
    4098
    3999
    3855
    3572
    3138
    2629
    2178
    1881
    1303
    1007
     733
     469
     302
     197
     147
      94
      44
      36
      15
      12
       7
       2
       6
       7
       8
       5
       5
       3
       6
       4
       5
      10
       4
       5
       8
       7
       3
       2
      11
       3
       5
       5
       6
       4
       4
       4
       4
       6
       5
       8
       7
       4
       5
       2
       4
       3
       2
       4
       3
       6
       7
       3
       5
       2
       4
       5
       2
       3
       3
       1
       5
       7
       4
       5
       8
       5
       5
       3
       4
       8
       2
       2
       4
       4
       5
       4
       7
       1
       2
       6
       4
       2
       3
       8
       2
       1
       2
       4
       1
       2
       8
       4
       6
       4
       3
       2
       2
       5
       8
       4
       3
       4
       3
       2
       2
       5
       6
       3
       2
       2
       0
       3
       1
       2
       1
       2
       4
       1
       0
       1
       3
       1
       1
       1
       1
       4
       3
       1
       3
       4
       7
       0
       1
       0
       4
       1
       2
       1
       2
       2
       2
       1
       0
       1
       2
       4
       1
       2
       4
       3
       1
       1
       3
       2
       5
       4
       1
       3
       3
       1
       5
       4
       0
       5
       5
       5
       5
       5
       5
       7
       2
       3
       5
       1
       3
       0
       3
       1
       1
       0
       0
       0
       1
       1
       1
       0
       0
       0
       0
       0
       1
       1
       0
       0
       0
       2
       1
       0
       0
       0
       1
       0
       0
       1
       2
       0
       2
       1
       0
       1
       2
       1
       0
       1
       1
       0
       0
       1
       1
       0
       0
       0
       1
       0
       0
       0
       0
       1
       1
       0
       2
       1
       2
       1
       0
       1
       0
       0
       1
       3
       2
       0
       0
       0
       1
       0
       0
       1
       2
       0
       0
       1
       0
       0
       0
       0
       0
       0
       1
       1
       0
       0
       0
       1
       0
       0
       1
       0
       0
       0
       0
       0
       0
       0
       0
       0
       1
       0
       0
       1
       1
       2
       0
       1
       0
       0
       0
       1
       0
       0
       0
       0
       0
       0
       0
       1
       0
       0
       0
       0
       0
       0
       1
       0
       1
       0
       1
       0
       0
       0
       1
       1
       0
       0
       0
       0
       0
       2
       0
       0
       0
       0
       0
       0
       0
       0
       0
       0
       0
       0
       0
       0
       0
       0
       0
       0
       0
       0
       0
       0
       0
       0
       0
       0
       0
$ROI:
0
$PRESETS:
Live Time
300
0
$ENER_FIT:
0.000000 0.000000
$MCA_CAL:
3
0.000000E+000 0.000000E+000 0.000000E+000 
$SHAPE_CAL:
3
0.000000E+000 0.000000E+000 0.000000E+000
