$SPEC_ID:
PRAK02 Easy-MCA-2k SN
$SPEC_REM:
DET# 1
DETDESC# PRAK01 Easy-MCA-2k SN 15071856
AP# Maestro Version 7.01
$DATE_MEA:
02/05/2002 02:32:03
$MEAS_TIM:
300 303
$DATA:
0 511
       0
       0
       0
       0
       0
       0
       0
       0
       0
       0
       0
       0
       0
       0
       0
       0
       0
       0
       4
      22
      34
      25
      33
      32
      33
      28
      34
      34
      38
      45
      43
      41
      65
      61
      63
      52
      50
      81
      65
      76
      63
      64
      64
      73
      90
      76
      73
      91
      76
      87
      81
      68
      59
      76
      88
      59
      56
      70
      67
      54
      58
      58
      64
      56
      49
      51
      49
      52
      51
      53
      55
      56
      47
      46
      40
      65
      48
      52
      55
      40
      34
      45
      39
      43
      38
      34
      28
      42
      23
      46
      23
      21
      31
      31
      29
      35
      29
      25
      23
      26
      26
      27
      21
      22
      27
      26
      27
      26
      26
      36
      26
      21
      17
      23
      21
      24
      14
      18
      11
      18
      20
      14
      18
      19
      16
      16
      18
       7
      18
      17
      24
      12
      12
      13
      15
      14
      12
      12
      14
      11
      13
      10
      11
      12
      11
       9
      15
      18
      17
      17
      12
      10
      24
      20
      16
      24
      32
      38
      44
      36
      51
      40
      47
      59
      51
      59
      45
      42
      39
      40
      44
      32
      19
      21
      24
       8
       8
      11
      12
      10
       7
       4
      10
       6
       9
       4
       4
      13
       9
       5
       5
       6
       4
       6
       3
       4
      13
      14
       7
       5
       5
       7
       4
       4
       3
       0
       3
       3
       6
       5
       4
       5
       3
       6
       7
       4
       4
       2
       3
       6
       2
       2
       4
       4
       2
       6
       3
       2
       6
       5
       3
       4
       3
       7
       4
       4
       1
       5
       4
       4
       4
       6
       3
       6
       5
       1
       2
       5
       3
       6
       2
       2
       2
       2
       1
       7
       3
       6
       1
       3
       3
       4
       5
       3
       2
       2
       2
       4
       4
       3
       5
       3
       3
       9
       4
       1
       4
       2
       1
       2
       0
       2
       4
       1
       5
       0
       5
       0
       3
       3
       6
       3
       2
       4
       2
       2
       1
       9
       2
       0
       1
       1
       0
       0
       1
       2
       2
       1
       1
       2
       3
       2
       0
       1
       4
       2
       1
       0
       0
       2
       1
       1
       3
       2
       1
       2
       2
       2
       5
       3
       1
       2
       2
       4
       5
       7
       2
       2
       4
       4
       1
       6
       3
       4
       4
       1
       3
       3
       3
       2
       6
       2
       1
       1
       0
       1
       2
       2
       0
       3
       0
       1
       1
       1
       1
       0
       0
       0
       2
       0
       0
       0
       0
       1
       0
       2
       0
       0
       1
       0
       0
       2
       0
       1
       1
       0
       0
       1
       0
       1
       0
       0
       0
       0
       1
       1
       0
       2
       0
       0
       2
       0
       1
       0
       2
       0
       0
       0
       1
       1
       0
       1
       0
       0
       1
       1
       0
       2
       0
       0
       1
       1
       1
       1
       1
       0
       2
       1
       0
       0
       0
       0
       0
       0
       0
       0
       0
       0
       0
       1
       0
       0
       0
       0
       1
       1
       0
       0
       0
       1
       0
       0
       0
       1
       0
       0
       1
       1
       1
       0
       0
       0
       2
       0
       0
       0
       0
       0
       1
       1
       0
       1
       1
       1
       1
       0
       1
       1
       0
       0
       1
       0
       0
       0
       0
       0
       0
       0
       1
       0
       0
       0
       0
       0
       0
       0
       0
       0
       0
       0
       0
       0
       0
       0
       0
       0
       0
       0
       0
       0
       0
       0
$ROI:
0
$PRESETS:
Live Time
300
0
$ENER_FIT:
0.000000 0.000000
$MCA_CAL:
3
0.000000E+000 0.000000E+000 0.000000E+000 
$SHAPE_CAL:
3
0.000000E+000 0.000000E+000 0.000000E+000
