$SPEC_ID:
PRAK02 Easy-MCA-2k SN
$SPEC_REM:
DET# 1
DETDESC# PRAK01 Easy-MCA-2k SN 15071856
AP# Maestro Version 7.01
$DATE_MEA:
02/05/2002 02:54:07
$MEAS_TIM:
300 302
$DATA:
0 511
       0
       0
       0
       0
       0
       0
       0
       0
       0
       0
       0
       0
       0
       0
       0
       0
       0
       0
       4
      33
      38
      36
      32
      38
      59
      42
      31
      43
      54
      46
      67
      61
      66
      66
      72
      77
      76
      89
      79
      81
      86
      79
      99
      89
      94
      88
      79
      86
      90
      92
      87
      79
      81
      83
      97
      70
      64
      81
      89
      75
      74
      75
      67
      72
      55
      79
      68
      49
      64
      57
      67
      55
      40
      54
      50
      49
      70
      46
      48
      61
      42
      49
      47
      42
      36
      49
      44
      51
      42
      38
      39
      36
      44
      37
      45
      39
      46
      32
      39
      39
      33
      41
      28
      38
      40
      33
      36
      33
      31
      29
      33
      29
      32
      31
      30
      25
      22
      27
      20
      27
      23
      27
      16
      19
      11
      20
      25
      22
      19
      18
      23
      23
      21
      27
      16
      17
      21
      21
      25
      30
      19
      28
      27
      38
      34
      46
      55
      48
      60
      58
      65
      73
      57
      63
      79
      59
      76
      72
      84
      70
      70
      76
      67
      59
      71
      56
      61
      63
      59
      60
      51
      35
      39
      51
      41
      28
      19
      13
      25
      12
      14
      20
       7
       5
      10
       5
       3
       7
      13
       3
       8
       4
       4
       4
       5
       7
       5
      11
       2
       6
       4
       5
       4
       3
       4
       5
       7
       5
       4
      12
       6
       3
       7
       9
       6
       3
       4
       7
       4
       2
       6
       2
       3
       5
       7
       5
       5
       5
       1
       4
       4
       7
       4
       4
      10
       1
       3
       5
       6
       3
       4
       0
       5
       3
       7
       2
       4
       1
       2
       2
       2
       8
       4
       4
       2
       3
       0
       2
       0
       3
       6
       3
       2
       4
       2
       3
       3
       1
       2
       3
       1
       6
       4
       0
       3
       2
       2
       2
       3
       5
       3
       2
       4
       5
       3
       1
       0
       4
       1
       2
       4
       2
       4
       0
       1
       1
       3
       4
       1
       1
       5
       0
       0
       2
       4
       2
       2
       3
       0
       1
       3
       1
       4
       3
       2
       1
       4
       3
       2
       4
       0
       2
       3
       1
       3
       3
       0
       2
       4
       2
       0
       2
       3
       4
       4
       6
       2
       0
       2
       4
       0
       1
       2
       4
       1
       1
       0
       5
       5
       3
       3
       1
       3
       1
       0
       1
       0
       1
       2
       0
       2
       2
       2
       1
       0
       0
       0
       0
       3
       2
       1
       0
       1
       2
       1
       3
       1
       0
       0
       0
       1
       0
       3
       1
       1
       0
       0
       0
       2
       0
       0
       0
       0
       1
       0
       1
       0
       0
       0
       0
       1
       0
       1
       0
       0
       0
       1
       0
       0
       1
       2
       1
       1
       0
       0
       0
       0
       0
       0
       0
       1
       1
       2
       2
       0
       0
       0
       0
       0
       1
       0
       1
       0
       1
       0
       0
       0
       0
       0
       0
       0
       1
       1
       1
       0
       0
       0
       0
       0
       0
       0
       0
       0
       1
       1
       0
       0
       0
       0
       0
       0
       0
       0
       0
       0
       0
       0
       0
       1
       0
       2
       0
       0
       0
       0
       0
       0
       1
       0
       0
       0
       0
       1
       0
       0
       0
       0
       0
       0
       0
       0
       0
       0
       0
       0
       0
       0
       0
       0
       0
       0
       0
       0
       0
       0
       0
       0
       0
       0
       0
       0
       0
$ROI:
0
$PRESETS:
Live Time
300
0
$ENER_FIT:
0.000000 0.000000
$MCA_CAL:
3
0.000000E+000 0.000000E+000 0.000000E+000 
$SHAPE_CAL:
3
0.000000E+000 0.000000E+000 0.000000E+000
