$SPEC_ID:
PRAK02 Easy-MCA-2k SN
$SPEC_REM:
DET# 1
DETDESC# PRAK01 Easy-MCA-2k SN 15071856
AP# Maestro Version 7.01
$DATE_MEA:
02/05/2002 02:38:00
$MEAS_TIM:
300 302
$DATA:
0 511
       0
       0
       0
       0
       0
       0
       0
       0
       0
       0
       0
       0
       0
       0
       0
       0
       0
       0
       2
      29
      22
      31
      19
      41
      45
      37
      47
      43
      40
      45
      50
      54
      54
      56
      73
      67
      81
      78
      76
      85
      66
      74
      69
      81
      76
      77
      93
      78
      78
      76
      83
      85
      72
      78
      81
      52
      77
      53
      78
      73
      72
      68
      53
      65
      67
      55
      52
      49
      58
      58
      52
      48
      55
      38
      42
      47
      37
      45
      45
      35
      45
      35
      30
      41
      35
      41
      38
      34
      32
      30
      29
      38
      27
      26
      40
      29
      33
      35
      29
      31
      23
      25
      19
      20
      29
      26
      30
      25
      18
      29
      25
      24
      20
      20
      19
      19
      15
      20
      21
      11
      17
      21
      17
      18
      10
      11
      11
      17
      20
      26
      14
      18
       8
      16
      13
      10
      16
      20
      10
      12
      12
      14
      13
      20
      24
      29
      32
      13
      27
      41
      39
      33
      48
      47
      42
      35
      34
      36
      29
      33
      17
      39
      15
      25
      35
      22
      26
      30
      27
      27
      20
      21
      20
      19
      16
      10
      13
       6
      12
       5
       8
       1
       6
       4
       2
       8
       6
       4
       3
       7
       3
       2
       4
       6
       6
       3
       4
       6
       4
       7
       3
       5
       5
       7
       6
       4
       4
       8
       7
       4
       5
       6
       4
       6
       2
       8
       6
       2
       4
       3
       1
       2
       4
       3
       4
       6
       1
       6
       2
       3
       8
       2
       5
       3
       4
       2
       6
       2
       4
       5
       3
       8
       4
       3
       1
       5
       4
       5
       1
       6
       3
       4
       4
       1
       6
       3
       5
       3
       3
       8
       7
       2
       0
       7
       3
       2
       2
       5
       4
       1
       1
       6
       3
       2
       0
       5
       2
       3
       4
       2
       1
       3
       2
       0
       0
       2
       1
       0
       0
       4
       2
       1
       0
       0
       4
       3
       1
       3
       1
       1
       1
       0
       7
       0
       2
       0
       4
       1
       0
       1
       0
       2
       3
       3
       2
       2
       6
       4
       2
       3
       2
       6
       3
       1
       3
       2
       1
       6
       3
       3
       1
       2
       4
       5
       4
       4
       4
       4
       3
       3
       2
       1
       1
       3
       4
       5
       6
       1
       1
       0
       1
       3
       2
       2
       0
       0
       0
       2
       3
       0
       2
       0
       0
       0
       1
       1
       3
       0
       1
       2
       1
       1
       1
       1
       0
       0
       1
       1
       0
       0
       1
       0
       0
       0
       0
       0
       0
       0
       0
       0
       1
       0
       0
       0
       1
       0
       0
       0
       0
       0
       0
       1
       2
       0
       0
       0
       0
       1
       0
       0
       1
       1
       0
       0
       1
       0
       0
       1
       0
       2
       0
       0
       0
       1
       0
       0
       1
       1
       0
       0
       1
       0
       0
       0
       0
       0
       0
       0
       1
       0
       2
       0
       0
       0
       0
       1
       0
       0
       0
       1
       0
       0
       0
       1
       0
       0
       0
       1
       0
       2
       0
       0
       0
       2
       0
       0
       0
       2
       1
       0
       0
       1
       2
       0
       0
       1
       2
       0
       0
       2
       0
       0
       1
       0
       0
       1
       0
       0
       0
       0
       0
       0
       0
       0
       0
       0
       0
       0
       0
       0
       0
       0
       0
       0
       0
       0
       0
       0
       0
       0
       0
       0
$ROI:
0
$PRESETS:
Live Time
300
0
$ENER_FIT:
0.000000 0.000000
$MCA_CAL:
3
0.000000E+000 0.000000E+000 0.000000E+000 
$SHAPE_CAL:
3
0.000000E+000 0.000000E+000 0.000000E+000
