$SPEC_ID:
PRAK02 Easy-MCA-2k SN
$SPEC_REM:
DET# 1
DETDESC# PRAK01 Easy-MCA-2k SN 15071856
AP# Maestro Version 7.01
$DATE_MEA:
02/05/2002 02:22:24
$MEAS_TIM:
300 303
$DATA:
0 511
       0
       0
       0
       0
       0
       0
       0
       0
       0
       0
       0
       0
       0
       0
       0
       0
       0
       0
       3
      43
      40
      32
      46
      47
      44
      33
      46
      48
      42
      42
      63
      56
      63
      64
      61
      81
      77
      82
      88
      88
      92
      82
      92
      90
      96
      88
      92
      74
      81
      83
     102
      88
      90
      76
      90
      85
      88
      94
      79
      70
      66
      64
      67
      74
      55
      56
      61
      63
      66
      42
      45
      55
      58
      50
      62
      53
      48
      47
      56
      36
      41
      42
      44
      38
      55
      47
      30
      46
      36
      47
      43
      46
      31
      39
      34
      41
      40
      39
      43
      26
      34
      39
      36
      32
      30
      32
      22
      35
      38
      28
      35
      29
      28
      26
      36
      24
      28
      32
      19
      25
      20
      14
      26
      21
      19
      16
      18
      20
      23
      20
      18
      10
      27
      18
      10
      21
      18
      10
      15
      24
      20
      23
      18
      22
      18
      27
      28
      33
      35
      50
      36
      46
      63
      68
      74
      59
      76
      70
      83
      76
      76
      76
      79
      94
     101
      86
      78
      72
      72
      65
      51
      48
      40
      32
      34
      30
      15
      12
      21
       5
       3
       8
       9
       5
       4
       4
       7
       4
       4
       9
       3
       7
      10
       4
       5
       5
       6
       5
       1
       9
       7
       3
       7
       4
       6
       7
       7
       5
       2
       2
       3
       5
       6
       2
       4
       5
       1
       3
       1
       5
       5
       6
       2
       5
       7
       5
       4
       1
       5
       5
       5
       8
       3
       2
       5
       2
       2
       4
       3
       4
       2
       2
       5
       2
       3
       2
       1
       3
       5
       4
       3
       6
       2
       4
       2
       4
       3
       4
       2
       2
       5
       4
       2
       0
       4
       5
       2
       2
       3
       3
       3
       5
       4
       4
       3
       3
       1
       4
       3
       2
       2
       1
       0
       2
       2
       1
       1
       4
       2
       1
       0
       2
       3
       2
       1
       0
       1
       4
       3
       3
       5
       1
       2
       1
       1
       1
       2
       0
       1
       3
       3
       1
       1
       4
       1
       1
       1
       2
       1
       1
       2
       2
       1
       3
       3
       2
       5
       3
       1
       3
       1
       3
       0
       3
       2
       3
       3
       5
       2
       2
       3
       4
       2
       3
       3
       3
       3
       1
       3
       1
       2
       2
       1
       1
       1
       0
       1
       2
       3
       2
       0
       1
       2
       0
       2
       2
       1
       0
       0
       0
       1
       0
       1
       1
       0
       0
       0
       0
       0
       0
       1
       1
       2
       1
       0
       3
       3
       3
       0
       4
       0
       1
       0
       0
       1
       0
       0
       1
       0
       1
       0
       1
       0
       0
       0
       0
       2
       0
       0
       0
       1
       1
       0
       1
       0
       0
       0
       0
       0
       0
       1
       0
       0
       3
       1
       0
       1
       1
       2
       1
       1
       0
       0
       0
       0
       2
       2
       0
       3
       1
       0
       0
       0
       1
       0
       1
       0
       1
       0
       0
       1
       0
       0
       2
       0
       1
       1
       1
       0
       1
       0
       2
       1
       0
       1
       1
       0
       0
       0
       1
       0
       1
       2
       0
       0
       0
       1
       0
       0
       0
       0
       1
       0
       2
       0
       0
       0
       0
       0
       0
       0
       0
       0
       0
       0
       0
       0
       0
       0
       0
       0
       0
       0
       0
       0
       0
       0
       0
       0
       0
       0
       0
$ROI:
0
$PRESETS:
Live Time
300
0
$ENER_FIT:
0.000000 0.000000
$MCA_CAL:
3
0.000000E+000 0.000000E+000 0.000000E+000 
$SHAPE_CAL:
3
0.000000E+000 0.000000E+000 0.000000E+000
