$SPEC_ID:
PRAK02 Easy-MCA-2k SN
$SPEC_REM:
DET# 1
DETDESC# PRAK01 Easy-MCA-2k SN 15071856
AP# Maestro Version 7.01
$DATE_MEA:
02/05/2002 03:20:41
$MEAS_TIM:
300 301
$DATA:
0 511
       0
       0
       0
       0
       0
       0
       0
       0
       0
       0
       0
       0
       0
       0
       0
       0
       0
       0
      21
     121
     175
     154
     119
     162
     158
     162
     178
     185
     142
     177
     186
     215
     198
     188
     219
     232
     224
     242
     235
     250
     222
     207
     218
     231
     277
     226
     249
     259
     232
     246
     254
     243
     198
     243
     213
     235
     222
     221
     221
     204
     193
     204
     211
     197
     180
     180
     178
     203
     175
     175
     182
     182
     179
     158
     185
     189
     167
     181
     159
     190
     180
     164
     167
     165
     141
     183
     183
     188
     157
     170
     154
     176
     181
     171
     157
     145
     170
     160
     162
     165
     171
     165
     173
     175
     168
     169
     166
     143
     148
     131
     140
     114
     120
     105
     103
      97
      90
      83
      83
      83
      77
      83
      82
      71
      63
      67
      76
      83
      82
      73
      64
      72
      63
      70
      86
      78
      97
     104
      95
     111
     127
     137
     173
     202
     262
     310
     378
     442
     527
     641
     770
     797
     953
     978
    1028
    1031
     971
     965
     875
     817
     632
     553
     426
     322
     218
     170
     103
      89
      38
      29
      23
       8
       3
       9
       6
       3
       6
       9
       3
       6
       7
       7
      11
       5
      11
       6
       5
       8
      11
       2
       7
       7
       6
       5
       5
       5
       4
       5
       5
       4
       5
       5
      10
       5
       5
       4
       5
      10
       7
       7
       4
       5
       4
       3
       4
       3
       3
       4
       5
       4
       4
       6
       2
       6
       4
       0
       1
       5
       3
       1
       3
       3
       3
       2
       6
       3
       3
       4
       2
       6
       3
       6
       0
       8
       7
       0
       3
       4
       2
       3
       1
       4
       3
       1
       0
       3
       2
       5
       4
       2
       4
       3
       1
       3
       0
       1
       3
       5
       1
       1
       3
       4
       1
       3
       2
       3
       0
       2
       4
       3
       1
       4
       1
       0
       5
       2
       2
       4
       4
       0
       2
       1
       1
       1
       1
       3
       2
       0
       3
       4
       1
       2
       2
       3
       2
       1
       3
       7
       3
       0
       3
       3
       3
       6
       2
       3
       4
       3
       2
       7
       0
       2
       4
       6
       0
       3
       4
       4
       2
       1
       4
       6
       4
       3
       4
       1
       4
       4
       1
       1
       3
       1
       0
       1
       2
       0
       0
       2
       1
       0
       1
       0
       1
       1
       1
       0
       2
       1
       0
       0
       0
       0
       2
       1
       0
       0
       0
       0
       0
       1
       1
       0
       1
       1
       0
       2
       1
       0
       1
       1
       1
       0
       1
       0
       2
       0
       0
       0
       0
       0
       1
       0
       2
       0
       1
       0
       0
       1
       2
       0
       2
       1
       0
       3
       0
       0
       0
       1
       1
       0
       0
       0
       0
       0
       0
       0
       0
       0
       1
       1
       1
       0
       0
       3
       0
       0
       0
       0
       0
       0
       0
       2
       0
       0
       0
       0
       1
       0
       1
       0
       0
       0
       1
       0
       1
       0
       0
       0
       0
       0
       0
       0
       1
       1
       1
       0
       1
       2
       0
       0
       1
       0
       1
       1
       0
       0
       0
       0
       1
       0
       1
       0
       1
       1
       0
       1
       1
       1
       0
       0
       0
       0
       2
       0
       0
       0
       0
       0
       0
       0
       0
       0
       0
       0
       0
       0
       0
       0
       0
       0
       0
       0
       0
       0
       0
       0
       0
       0
       0
       0
       0
       0
$ROI:
0
$PRESETS:
Live Time
300
0
$ENER_FIT:
0.000000 0.000000
$MCA_CAL:
3
0.000000E+000 0.000000E+000 0.000000E+000 
$SHAPE_CAL:
3
0.000000E+000 0.000000E+000 0.000000E+000
