$SPEC_ID:
PRAK02 Easy-MCA-2k SN
$SPEC_REM:
DET# 1
DETDESC# PRAK01 Easy-MCA-2k SN 15071856
AP# Maestro Version 7.01
$DATE_MEA:
02/05/2002 03:42:11
$MEAS_TIM:
300 301
$DATA:
0 511
       0
       0
       0
       0
       0
       0
       0
       0
       0
       0
       0
       0
       0
       0
       0
       0
       0
       0
      11
      92
     114
     115
     136
     132
     133
     138
     130
     143
     147
     159
     156
     164
     179
     157
     182
     177
     185
     196
     196
     198
     201
     221
     208
     192
     213
     208
     194
     216
     201
     218
     198
     216
     180
     215
     176
     171
     178
     165
     184
     170
     185
     164
     173
     169
     174
     166
     158
     164
     141
     178
     167
     151
     144
     147
     150
     156
     135
     137
     148
     137
     141
     150
     166
     159
     110
     171
     138
     118
     158
     142
     161
     132
     153
     123
     119
     137
     147
     124
     138
     143
     150
     146
     172
     129
     127
     133
     149
     114
     125
     128
     105
     122
     107
      83
      94
      88
      80
      82
      59
      74
      66
      62
      62
      76
      65
      57
      44
      57
      59
      64
      70
      68
      59
      75
      67
      83
      80
      81
      82
     101
      95
     110
      99
     120
     181
     180
     247
     289
     361
     435
     595
     642
     675
     838
     901
     937
     925
     946
     855
     720
     609
     516
     394
     331
     205
     166
     103
      56
      43
      25
      16
       6
      11
       8
      10
       6
       9
       5
       7
       6
       5
       0
       6
       5
       6
       4
       5
       2
       5
       5
       4
       3
       6
       3
       6
       4
       4
       3
       7
       3
       3
       5
       3
       4
       6
       5
       6
       5
       4
       2
       3
       5
       4
       4
       4
       8
       4
       2
       2
       1
       5
       6
       2
       9
       2
       5
       2
       4
       4
       5
       3
       5
       3
       5
       7
       4
       2
       2
       1
       2
       7
       4
       3
       3
       6
       4
       4
       3
       2
       7
       2
       5
       1
       2
       3
       1
       3
       4
       2
       1
       3
       0
       1
       1
       4
       1
       2
       6
       4
       1
       2
       3
       2
       4
       2
       3
       3
       3
       4
       6
       3
       0
       0
       1
       3
       2
       1
       2
       2
       0
       1
       1
       2
       2
       2
       4
       5
       1
       2
       1
       3
       0
       2
       2
       1
       1
       4
       5
       1
       6
       2
       1
       3
       2
       1
       2
       5
       2
       3
       4
       1
       3
       4
       2
       2
       5
       5
       5
       3
       1
       2
       5
       1
       4
       3
       3
       4
       2
       2
       2
       4
       0
       1
       2
       0
       1
       0
       2
       0
       0
       3
       1
       0
       3
       0
       0
       0
       2
       1
       0
       0
       1
       1
       1
       0
       0
       0
       2
       0
       0
       0
       0
       1
       0
       0
       0
       0
       0
       1
       1
       2
       0
       0
       0
       0
       1
       0
       0
       2
       1
       0
       1
       1
       1
       0
       2
       1
       0
       1
       0
       0
       1
       0
       1
       0
       0
       0
       0
       0
       0
       0
       1
       0
       1
       0
       0
       1
       2
       0
       0
       0
       0
       1
       1
       0
       0
       0
       0
       0
       0
       1
       0
       0
       0
       0
       1
       1
       0
       1
       0
       0
       0
       2
       0
       0
       0
       1
       1
       0
       0
       0
       2
       1
       1
       0
       0
       0
       0
       0
       0
       0
       2
       0
       0
       0
       1
       1
       0
       1
       0
       1
       2
       0
       0
       0
       1
       0
       0
       0
       0
       0
       1
       0
       1
       0
       1
       0
       0
       0
       0
       0
       0
       0
       0
       0
       0
       0
       0
       0
       0
       0
       0
       0
       0
       0
       0
       0
       0
       0
       0
       0
       0
$ROI:
0
$PRESETS:
Live Time
300
0
$ENER_FIT:
0.000000 0.000000
$MCA_CAL:
3
0.000000E+000 0.000000E+000 0.000000E+000 
$SHAPE_CAL:
3
0.000000E+000 0.000000E+000 0.000000E+000
