$SPEC_ID:
PRAK02 Easy-MCA-2k SN
$SPEC_REM:
DET# 1
DETDESC# PRAK01 Easy-MCA-2k SN 15071856
AP# Maestro Version 7.01
$DATE_MEA:
02/05/2002 03:35:40
$MEAS_TIM:
300 301
$DATA:
0 511
       0
       0
       0
       0
       0
       0
       0
       0
       0
       0
       0
       0
       0
       1
       9
      10
       9
       9
      18
      98
     108
      89
     101
     113
      96
     120
     108
     128
     141
     130
     144
     153
     139
     133
     154
     150
     150
     159
     154
     171
     177
     168
     166
     164
     153
     164
     189
     150
     166
     184
     147
     147
     180
     165
     148
     135
     142
     153
     137
     136
     146
     131
     132
     146
     137
     113
     136
     105
     138
     117
     126
     113
     107
     118
      94
     103
      90
     122
     115
     120
     125
     121
     122
      98
     108
     102
     126
      93
     109
     112
     111
     109
      96
     100
      93
     104
     103
      92
      88
      98
      91
     101
     103
      87
      93
      84
      82
      81
      71
      67
      77
      69
      55
      53
      49
      57
      48
      46
      56
      59
      62
      56
      62
      59
      82
      65
      84
      72
      84
      90
     103
      87
      87
      90
     107
     111
     126
     124
     131
     154
     157
     167
     190
     210
     234
     293
     326
     341
     406
     423
     439
     474
     482
     462
     431
     358
     339
     285
     224
     169
     123
      92
      68
      60
      42
      31
      25
       7
       8
       6
       7
       5
       5
       7
       6
       5
       5
       4
       6
       4
       3
       3
       5
       3
       6
       3
       5
       6
       5
       4
       5
       2
       5
       5
       5
       5
       6
       3
       5
       2
       1
       1
       8
       3
       6
       9
       4
       3
       5
       2
       2
       4
       3
       0
       1
       7
       6
       4
       3
       3
       0
       5
       1
       1
       4
       4
       4
       5
       4
       5
       2
       3
       6
       7
       3
       4
       1
       7
       4
       3
       5
       2
       4
       2
       6
       3
       3
       3
       3
       3
       4
       3
       5
       1
       2
       0
       2
       3
       4
       5
       4
       3
       2
       7
       2
       2
       1
       1
       1
       3
       1
       0
       2
       3
       1
       3
       1
       5
       5
       3
       0
       4
       1
       1
       1
       1
       2
       0
       0
       2
       2
       2
       2
       3
       3
       3
       5
       1
       3
       3
       3
       1
       1
       1
       3
       4
       0
       3
       2
       3
       2
       2
       2
       4
       1
       2
       2
       4
       5
       3
       2
       4
       0
       5
       4
       3
       0
       3
       1
       3
       4
       1
       3
       3
       3
       1
       1
       0
       1
       1
       0
       2
       0
       0
       0
       2
       1
       1
       3
       0
       0
       2
       0
       0
       1
       1
       2
       0
       1
       1
       0
       0
       2
       2
       2
       0
       1
       1
       0
       0
       2
       0
       0
       1
       1
       0
       2
       0
       1
       1
       0
       0
       0
       0
       0
       0
       0
       2
       0
       0
       1
       0
       2
       0
       0
       1
       3
       1
       0
       1
       0
       0
       0
       0
       0
       1
       0
       1
       0
       0
       0
       0
       0
       2
       0
       0
       0
       0
       0
       1
       0
       0
       0
       0
       0
       0
       0
       0
       0
       0
       1
       0
       2
       0
       0
       2
       0
       0
       0
       0
       0
       0
       0
       1
       0
       1
       2
       0
       0
       1
       0
       0
       1
       1
       0
       1
       2
       0
       0
       1
       0
       1
       1
       0
       0
       0
       0
       0
       0
       0
       0
       1
       1
       0
       0
       0
       1
       0
       1
       0
       1
       0
       1
       1
       0
       0
       0
       0
       0
       0
       0
       0
       0
       0
       0
       0
       0
       0
       0
       0
       0
       0
       0
       0
       0
       0
       0
       0
       0
       0
       0
       0
$ROI:
0
$PRESETS:
Live Time
300
0
$ENER_FIT:
0.000000 0.000000
$MCA_CAL:
3
0.000000E+000 0.000000E+000 0.000000E+000 
$SHAPE_CAL:
3
0.000000E+000 0.000000E+000 0.000000E+000
