$SPEC_ID:
PRAK02 Easy-MCA-2k SN
$SPEC_REM:
DET# 1
DETDESC# PRAK01 Easy-MCA-2k SN 15071856
AP# Maestro Version 7.01
$DATE_MEA:
02/05/2002 04:27:05
$MEAS_TIM:
300 302
$DATA:
0 511
       0
       0
       0
       0
       0
       0
       0
       0
       0
       1
       0
       1
       0
       1
       1
       0
       0
       0
      39
     320
     373
     377
     390
     335
     407
     400
     391
     422
     380
     420
     420
     426
     460
     475
     491
     464
     468
     456
     502
     468
     501
     520
     480
     526
     557
     527
     573
     566
     565
     583
     606
     571
     629
     614
     549
     586
     572
     565
     519
     532
     529
     534
     524
     493
     511
     511
     464
     466
     514
     463
     460
     480
     411
     423
     480
     418
     458
     461
     462
     456
     480
     477
     429
     473
     457
     431
     442
     448
     442
     420
     460
     452
     453
     397
     427
     467
     488
     460
     413
     439
     460
     468
     419
     435
     413
     422
     425
     400
     416
     424
     391
     389
     320
     277
     274
     270
     242
     219
     210
     223
     212
     212
     181
     192
     154
     160
     148
     173
     180
     164
     160
     171
     169
     157
     169
     186
     194
     166
     189
     207
     256
     247
     331
     379
     556
     716
     884
    1156
    1528
    1799
    2147
    2438
    2799
    2889
    3041
    2996
    2960
    2678
    2306
    2013
    1718
    1295
     998
     722
     521
     332
     237
     149
      91
      40
      27
      19
       8
       8
       4
       4
       5
       5
       4
       6
       5
       3
       6
       4
       8
       6
       7
       3
       2
       8
       8
       5
       9
       2
       7
       4
       7
       6
       2
       7
       3
       3
       3
       6
       4
       5
       5
       5
       4
       3
       4
       6
       9
       4
       4
       1
       4
       6
       6
       2
       7
       4
       3
       3
       2
       5
       2
       6
       1
       4
       6
       2
       3
       4
       1
       3
       2
       5
       1
       4
       2
       3
       2
       5
       4
       3
       1
       4
       6
       3
       7
       0
       4
       7
       0
       2
       5
       4
       1
       9
       2
       4
       7
       3
       3
       4
       6
       3
       2
       4
       4
       1
       1
       6
       2
       5
       3
       2
       1
       7
       1
       1
       2
       5
       2
       3
       1
       5
       3
       1
       2
       0
       1
       0
       1
       2
       4
       3
       2
       0
       1
       3
       4
       1
       2
       1
       0
       5
       3
       1
       3
       4
       3
       2
       0
       3
       4
       0
       2
       6
       4
       3
       4
       4
       6
       3
       4
       5
       4
       1
       0
       3
       2
       1
       0
       1
       1
       0
       1
       1
       1
       1
       1
       3
       0
       0
       0
       0
       0
       1
       1
       3
       0
       1
       1
       0
       0
       1
       0
       1
       0
       1
       0
       0
       0
       0
       1
       2
       0
       1
       0
       3
       0
       1
       2
       0
       0
       1
       0
       0
       0
       0
       2
       1
       0
       0
       0
       0
       0
       2
       0
       0
       0
       0
       1
       0
       2
       1
       1
       1
       1
       1
       1
       2
       2
       0
       1
       1
       1
       1
       1
       0
       1
       0
       1
       2
       0
       0
       0
       0
       0
       0
       2
       2
       0
       0
       1
       0
       0
       0
       0
       0
       0
       1
       0
       0
       1
       1
       0
       0
       0
       0
       0
       1
       0
       0
       0
       1
       1
       0
       0
       0
       1
       0
       0
       2
       1
       1
       1
       0
       0
       0
       0
       0
       0
       0
       0
       2
       4
       0
       0
       0
       1
       1
       1
       0
       0
       0
       2
       0
       1
       2
       0
       1
       1
       0
       0
       0
       0
       0
       0
       0
       0
       0
       0
       0
       0
       0
       0
       0
       0
       0
       0
       0
       0
       0
       0
       0
       0
       0
       0
       0
$ROI:
0
$PRESETS:
Live Time
300
0
$ENER_FIT:
0.000000 0.000000
$MCA_CAL:
3
0.000000E+000 0.000000E+000 0.000000E+000 
$SHAPE_CAL:
3
0.000000E+000 0.000000E+000 0.000000E+000
