$SPEC_ID:
PRAK02 Easy-MCA-2k SN
$SPEC_REM:
DET# 1
DETDESC# PRAK01 Easy-MCA-2k SN 15071856
AP# Maestro Version 7.01
$DATE_MEA:
02/05/2002 03:14:16
$MEAS_TIM:
300 301
$DATA:
0 511
       0
       0
       0
       0
       0
       0
       0
       0
       0
       0
       0
       0
       0
       0
       0
       0
       0
       0
      15
     139
     157
     152
     172
     159
     154
     193
     194
     156
     177
     211
     207
     232
     215
     232
     193
     228
     209
     189
     213
     218
     224
     246
     249
     239
     234
     252
     246
     225
     206
     212
     227
     253
     226
     234
     241
     220
     196
     243
     204
     221
     193
     208
     189
     196
     191
     195
     178
     186
     204
     190
     169
     194
     191
     162
     174
     158
     180
     187
     160
     161
     163
     172
     172
     171
     192
     162
     162
     164
     167
     175
     180
     147
     179
     181
     164
     191
     180
     166
     157
     171
     169
     160
     165
     160
     168
     183
     129
     137
     134
     133
     144
     104
     101
      86
      71
      75
      72
      78
      82
      75
      58
      62
      65
      68
      52
      57
      76
      58
      73
      97
      80
      84
      99
     126
     118
     140
     146
     171
     176
     215
     279
     305
     381
     425
     510
     564
     658
     675
     760
     867
     892
     894
     910
     861
     844
     751
     629
     598
     460
     390
     300
     217
     176
     108
      81
      47
      28
      23
      22
       7
       6
       9
       6
       8
       4
      12
       7
       6
       7
      11
       7
       6
       3
       6
       3
       7
       3
       5
       4
       4
       6
       2
       8
       5
       1
       1
       6
       9
       6
       7
       2
       2
       4
       5
       7
       3
       5
       2
       6
       5
       2
       0
       9
       2
       7
       1
       4
       5
       2
       5
       1
       5
       9
       4
       5
       4
       2
       3
       3
       1
       7
       6
       0
       4
       3
       2
       3
       4
       4
       5
       6
       2
       5
       4
       4
       5
       4
       7
       7
       5
       5
       2
       4
       3
       3
       2
       1
       3
       1
       3
       6
       0
       2
       3
       1
       3
       2
       2
       7
       2
       2
       0
       0
       0
       3
       3
       3
       3
       3
       0
       4
       2
       3
       5
       4
       4
       0
       0
       6
       1
       1
       2
       2
       1
       1
       0
       6
       1
       1
       1
       0
       4
       2
       2
       0
       4
       1
       4
       4
       2
       3
       1
       0
       2
       2
       5
       3
       2
       2
       2
       4
       8
       5
       2
       2
       2
       3
       2
       5
       0
       2
       1
       2
       0
       2
       1
       0
       1
       1
       4
       0
       2
       2
       0
       1
       1
       2
       1
       0
       2
       1
       1
       0
       1
       0
       1
       0
       1
       0
       0
       1
       0
       0
       2
       1
       0
       1
       1
       3
       0
       0
       0
       0
       0
       1
       0
       1
       0
       1
       1
       1
       0
       0
       2
       2
       1
       1
       0
       0
       0
       0
       0
       1
       1
       2
       1
       0
       0
       1
       1
       1
       0
       0
       0
       0
       0
       0
       0
       0
       0
       0
       0
       0
       1
       0
       0
       1
       1
       0
       1
       0
       0
       0
       0
       0
       0
       0
       1
       1
       0
       1
       1
       0
       0
       1
       0
       0
       1
       0
       0
       0
       0
       0
       0
       0
       1
       0
       1
       0
       2
       1
       0
       2
       0
       1
       0
       1
       0
       0
       0
       0
       0
       1
       1
       0
       1
       0
       1
       0
       1
       0
       0
       0
       0
       1
       0
       0
       0
       0
       0
       0
       0
       0
       0
       0
       0
       0
       0
       0
       0
       0
       0
       0
       0
       0
       0
       0
       0
       0
       0
       0
       0
       0
       0
       0
       0
       0
       0
       0
       0
       0
       0
$ROI:
0
$PRESETS:
Live Time
300
0
$ENER_FIT:
0.000000 0.000000
$MCA_CAL:
3
0.000000E+000 0.000000E+000 0.000000E+000 
$SHAPE_CAL:
3
0.000000E+000 0.000000E+000 0.000000E+000
