$SPEC_ID:
PRAK02 Easy-MCA-2k SN
$SPEC_REM:
DET# 1
DETDESC# PRAK01 Easy-MCA-2k SN 15071856
AP# Maestro Version 7.01
$DATE_MEA:
02/05/2002 04:03:57
$MEAS_TIM:
300 301
$DATA:
0 511
       0
       0
       0
       0
       0
       0
       0
       0
       0
       0
       0
       0
       0
       0
       0
       0
       0
       0
      12
     129
     152
     140
     118
     134
     157
     156
     126
     156
     176
     176
     179
     173
     185
     191
     172
     208
     199
     177
     201
     193
     201
     228
     216
     213
     218
     224
     210
     208
     202
     203
     218
     197
     199
     181
     194
     195
     207
     161
     217
     185
     162
     171
     173
     143
     156
     146
     164
     152
     166
     160
     190
     148
     154
     149
     168
     135
     172
     152
     146
     161
     163
     145
     150
     134
     151
     129
     138
     134
     138
     139
     143
     147
     137
     159
     148
     156
     149
     118
     152
     140
     135
     125
     149
     112
     119
     132
     121
     133
     105
     125
      93
      88
      87
      95
      73
      78
      72
      72
      65
      74
      68
      80
      83
      80
      69
      87
      82
      96
     106
     112
     112
     136
     129
     173
     158
     194
     197
     207
     252
     276
     302
     307
     343
     401
     445
     455
     497
     620
     609
     648
     663
     661
     706
     661
     673
     556
     476
     425
     342
     274
     196
     149
      92
      57
      51
      20
      24
      16
      11
       6
       8
       4
       4
       8
       7
       9
       6
       7
       3
      11
       5
       3
       2
       7
       3
       6
       2
       3
       3
       5
       3
       2
       1
       4
       3
       3
       8
       5
       9
       2
       4
       5
       5
       4
       6
       5
      10
       4
       8
       5
       3
       3
       3
       6
       1
       5
       6
       2
       5
       3
       4
       2
       2
       5
       3
       3
       3
       5
       5
       4
       6
       5
       8
       2
       7
       5
       1
       7
       4
       1
       6
       5
       6
       4
       3
       2
       6
       8
       3
       1
       3
       5
       2
       3
       3
       3
       3
       0
       4
       3
       5
       1
       1
       6
       0
       1
       3
       2
       1
       0
       3
       4
       1
       2
       3
       0
       3
       2
       3
       5
       5
       1
       2
       2
       0
       0
       0
       1
       5
       4
       1
       3
       2
       3
       3
       0
       4
       1
       3
       2
       1
       2
       1
       3
       0
       2
       3
       1
       4
       3
       0
       4
       1
       0
       2
       6
       2
       1
       4
       5
       2
       1
       4
       5
       3
       4
       0
       0
       3
       2
       2
       1
       2
       2
       1
       1
       0
       3
       1
       0
       0
       2
       0
       1
       2
       1
       1
       1
       1
       0
       1
       2
       1
       1
       2
       0
       0
       1
       3
       1
       0
       2
       0
       0
       0
       0
       0
       1
       0
       1
       0
       0
       1
       2
       0
       1
       1
       0
       0
       1
       0
       0
       1
       1
       0
       1
       0
       1
       0
       1
       1
       0
       0
       1
       0
       0
       1
       1
       1
       0
       1
       0
       0
       0
       0
       0
       0
       1
       0
       1
       2
       0
       0
       3
       2
       1
       1
       0
       2
       0
       0
       1
       0
       0
       1
       2
       2
       0
       0
       0
       1
       0
       0
       1
       1
       0
       0
       0
       0
       1
       0
       0
       0
       0
       0
       0
       2
       2
       0
       1
       0
       1
       2
       0
       1
       1
       1
       0
       0
       0
       1
       0
       0
       0
       1
       1
       0
       1
       1
       0
       0
       0
       0
       0
       0
       0
       0
       1
       2
       2
       1
       0
       0
       0
       0
       1
       0
       0
       0
       0
       0
       0
       0
       0
       0
       0
       0
       0
       0
       0
       0
       0
       0
       0
       0
       0
       0
       0
       0
       0
       0
       0
$ROI:
0
$PRESETS:
Live Time
300
0
$ENER_FIT:
0.000000 0.000000
$MCA_CAL:
3
0.000000E+000 0.000000E+000 0.000000E+000 
$SHAPE_CAL:
3
0.000000E+000 0.000000E+000 0.000000E+000
