$SPEC_ID:
PRAK02 Easy-MCA-2k SN
$SPEC_REM:
DET# 1
DETDESC# PRAK01 Easy-MCA-2k SN 15071856
AP# Maestro Version 7.01
$DATE_MEA:
02/05/2002 03:28:45
$MEAS_TIM:
300 301
$DATA:
0 511
       0
       0
       0
       0
       0
       0
       0
       0
       0
       0
       0
       0
       0
       0
       0
       0
       0
       0
      10
     149
     159
     153
     162
     159
     133
     178
     195
     184
     188
     181
     215
     185
     213
     228
     205
     237
     231
     227
     243
     241
     245
     259
     260
     242
     243
     257
     242
     253
     231
     230
     250
     219
     228
     227
     231
     240
     237
     205
     194
     203
     215
     213
     186
     196
     179
     209
     191
     190
     170
     184
     180
     183
     183
     178
     194
     184
     180
     166
     162
     180
     174
     169
     166
     160
     175
     167
     166
     174
     182
     179
     184
     196
     194
     176
     170
     153
     184
     205
     200
     174
     176
     173
     150
     154
     155
     128
     149
     147
     115
     132
     115
      83
     107
      99
     107
      87
      86
      92
      74
      69
      74
      82
      66
      75
      73
      97
      88
      84
      73
      88
      76
      90
     107
     139
     139
     161
     196
     227
     261
     325
     370
     423
     498
     563
     623
     633
     763
     765
     757
     807
     849
     788
     767
     704
     625
     582
     495
     386
     290
     241
     198
     141
     103
      94
      50
      43
      17
      15
      10
       9
       7
       6
       6
       9
       3
       9
       4
       6
       3
       3
       2
       1
       4
       6
       4
       4
       1
       4
       2
       5
       4
       5
       6
       2
       1
       5
       6
       2
       4
       5
       3
       4
       2
       7
       3
       9
       6
       2
       2
       4
       2
       3
       6
       5
       5
       6
       3
       7
       4
       4
       3
       3
       6
       4
       3
       5
       5
       1
       4
       3
       5
       6
       8
       5
       3
       3
       5
       4
       2
       5
       5
       0
       3
       6
       1
       2
       3
       3
       2
       3
       6
       2
       4
       4
       1
       1
       4
       2
       3
       1
       0
       0
       2
       2
       2
       1
       0
       0
       4
       0
       3
       2
       1
       2
       5
       0
       2
       1
       2
       4
       1
       1
       2
       1
       1
       3
       4
       1
       1
       2
       1
       3
       0
       3
       1
       2
       6
       2
       3
       3
       2
       0
       5
       5
       4
       2
       2
       0
       3
       4
       5
       3
       6
       2
       1
       7
       5
       4
       2
       3
       3
       4
       2
       4
       3
       2
       0
       4
       3
       1
       2
       2
       0
       1
       0
       0
       1
       1
       3
       1
       1
       0
       1
       1
       1
       0
       1
       0
       1
       1
       1
       3
       0
       1
       3
       0
       1
       0
       1
       0
       5
       0
       0
       0
       0
       3
       0
       2
       2
       2
       0
       2
       0
       1
       1
       2
       3
       1
       0
       0
       1
       2
       1
       0
       1
       0
       2
       3
       3
       1
       0
       0
       0
       0
       0
       0
       0
       2
       1
       0
       0
       0
       1
       0
       0
       0
       1
       1
       1
       0
       0
       2
       0
       0
       1
       1
       0
       0
       2
       0
       0
       0
       0
       0
       0
       0
       0
       0
       1
       1
       1
       0
       0
       1
       0
       0
       0
       1
       1
       0
       0
       0
       1
       2
       2
       0
       0
       0
       0
       0
       0
       1
       0
       1
       0
       0
       1
       1
       0
       1
       1
       3
       0
       0
       0
       0
       1
       0
       1
       1
       0
       0
       1
       1
       0
       1
       0
       0
       1
       0
       1
       0
       2
       0
       0
       1
       0
       0
       0
       0
       0
       0
       0
       0
       0
       0
       0
       0
       0
       0
       0
       0
       0
       0
       0
       0
       0
       0
       0
       0
       0
       0
$ROI:
0
$PRESETS:
Live Time
300
0
$ENER_FIT:
0.000000 0.000000
$MCA_CAL:
3
0.000000E+000 0.000000E+000 0.000000E+000 
$SHAPE_CAL:
3
0.000000E+000 0.000000E+000 0.000000E+000
