$SPEC_ID:
PRAK02 Easy-MCA-2k SN
$SPEC_REM:
DET# 1
DETDESC# PRAK01 Easy-MCA-2k SN 15071856
AP# Maestro Version 7.01
$DATE_MEA:
02/05/2002 04:20:04
$MEAS_TIM:
300 301
$DATA:
0 511
       0
       0
       0
       0
       0
       0
       0
       0
       0
       0
       0
       0
       0
       0
       0
       0
       0
       0
       2
      44
      42
      49
      47
      59
      56
      54
      72
      64
      67
      65
      71
      73
      74
      97
      84
      98
      91
     113
     102
     105
     105
     112
      89
     102
     105
      97
     115
      91
     100
     110
      92
      96
      99
      81
     112
      98
      95
      93
      92
      87
      79
      90
      84
      80
      70
      59
      73
      64
      63
      64
      67
      59
      64
      53
      55
      56
      49
      53
      59
      47
      60
      46
      60
      44
      56
      44
      59
      50
      50
      42
      53
      40
      47
      48
      46
      37
      58
      43
      41
      39
      56
      45
      41
      42
      25
      35
      38
      38
      35
      38
      33
      32
      19
      24
      24
      23
      26
      18
      22
      30
      13
      29
      23
      22
      23
      22
      17
      20
      27
      18
      18
      23
      19
      27
      21
      21
      24
      21
      28
      33
      38
      24
      29
      47
      51
      60
      70
      86
     113
     104
     121
     143
     146
     156
     150
     142
     158
     130
      96
      97
      80
      67
      48
      36
      21
      25
      16
       9
      14
       6
       5
      10
       5
       9
      11
       5
       5
       3
       4
       5
       5
       7
       3
       4
       3
       5
       7
       4
       2
       3
       1
       3
       5
       5
       4
       4
       6
      12
       4
       2
       5
       2
       3
       6
       3
       4
       5
       2
       8
       4
       4
       5
       5
       5
       5
       6
       3
       3
       2
       6
       4
       4
       5
       4
       4
       0
       4
       2
       2
       5
       6
       1
       2
       1
       1
       3
       3
       4
       4
       5
       2
       5
       1
       3
       6
       2
       2
       3
       6
       5
       2
       3
       3
       3
       5
       1
       2
       2
       5
       2
       4
       4
       4
       5
       3
       4
       4
       6
       2
       3
       1
       3
       3
       2
       1
       2
       1
       3
       0
       2
       2
       2
       4
       3
       2
       0
       4
       3
       2
       1
       1
       0
       2
       1
       1
       2
       1
       2
       1
       4
       1
       4
       2
       2
       0
       0
       1
       2
       2
       1
       3
       1
       3
       3
       4
       2
       1
       1
       3
       3
       1
       2
       5
       3
       4
       2
       7
       6
       3
       3
       0
       1
       3
       2
       2
       0
       1
       0
       2
       2
       2
       2
       0
       7
       0
       0
       0
       0
       1
       2
       1
       0
       1
       2
       1
       1
       0
       0
       0
       1
       3
       0
       0
       3
       0
       0
       3
       1
       2
       1
       1
       0
       0
       0
       0
       1
       0
       0
       0
       0
       1
       0
       0
       0
       1
       0
       1
       0
       0
       0
       2
       2
       0
       1
       0
       1
       0
       1
       1
       1
       0
       1
       1
       1
       0
       1
       0
       0
       0
       0
       1
       0
       0
       1
       1
       0
       0
       0
       0
       0
       0
       0
       0
       0
       0
       1
       0
       1
       0
       0
       1
       0
       0
       1
       1
       1
       1
       1
       1
       0
       0
       1
       0
       0
       0
       1
       0
       2
       1
       0
       0
       1
       2
       0
       0
       0
       0
       0
       2
       0
       0
       1
       1
       0
       0
       1
       0
       0
       0
       1
       0
       1
       2
       2
       0
       0
       1
       0
       0
       1
       0
       1
       0
       0
       0
       0
       0
       0
       0
       0
       0
       0
       0
       0
       0
       0
       0
       0
       0
       0
       0
       0
       0
       0
       0
       0
       0
       0
       0
       0
       0
       0
$ROI:
0
$PRESETS:
Live Time
300
0
$ENER_FIT:
0.000000 0.000000
$MCA_CAL:
3
0.000000E+000 0.000000E+000 0.000000E+000 
$SHAPE_CAL:
3
0.000000E+000 0.000000E+000 0.000000E+000
